"  1.        2.64362   4.97786   6.91781   8.83382  10.88123  12.58732
  14.91403  15.93887  19.32608  44.25536 316.89637"
"  1.77896   2.91038   4.71156   6.37158   8.90587  12.42165  14.35429
  15.49295  16.41078  22.07599  45.46788 330.71602"
"  2.86877   3.57934   4.72917   6.60618  10.47511  14.96954  16.88506
  16.59316  17.42007  25.13128  44.28815 337.39378"
"  3.83149   4.23949   5.107     8.26918  13.86698  18.73453  20.42365
  18.51886  18.70791  28.36247  40.84237 336.9616 "
"  4.44098   4.70295   6.93537  12.26847  18.89247  24.04527  25.30711
  21.48696  20.01418  31.59768  35.48972 329.69114"
"  6.00413   7.44345  11.64325  18.36741  25.96206  31.33096  31.9498
  25.81138  21.21054  34.65065  29.38167 316.06372"
" 11.10485  13.39289  18.90578  27.0646   35.64127  41.11548  40.83757
  31.97434  22.51501  37.36108  29.47249 296.7402 "
" 19.22434  22.33559  29.30261  39.04119  48.60729  54.01788  52.52965
  40.56774  25.39312  39.6175   35.68684 272.53066"
" 30.87217  34.96762  43.59267  55.07592  65.64178  70.75531  67.66805
  52.087    30.34396  41.33998  42.93077 244.36495"
" 46.76612  52.07877  62.61345  76.0338   87.62629  92.14676  86.98742
  67.1244   37.77309  42.38524  50.64218 213.26578"
" 67.66443  74.51216  87.26948 102.85991 115.53395 119.11703 111.32135
  86.3923   48.37039  42.54526  57.69811 180.32734"
" 94.34735 103.15161 118.52338 136.57326 150.41885 152.70006 141.60664
 110.71172  62.91613  41.77336  63.57122 146.7093 "
