"  1.        1.59106   2.64362   3.83712   4.97786   5.9388    6.91781
   7.89801   8.83382   9.9103   10.88123  11.97571  12.58732  13.38331
  14.91403  15.71744  15.93887  16.61348  19.32608  18.01662  44.25536
 132.67659 316.89637 664.4884 "
"  1.28849   1.76421   2.70593   3.78335   4.79974   5.6522    6.55542
   7.59429   8.72593  10.01469  11.53164  12.68466  13.38614  14.00794
  15.15087  15.71938  16.09312  17.56572  20.65672  19.01922  45.16088
 136.02984 324.69075 679.73783"
"  1.77896   2.14026   2.91038   3.83765   4.71156   5.46248   6.37158
   7.48752   8.90587  10.55827  12.42165  13.6208   14.35429  14.75824
  15.49295  15.87102  16.41078  18.63864  22.07599  20.17819  45.46788
 138.30354 330.71602 692.24678"
"  2.32667   2.59896   3.22321   3.98182   4.694     5.36555   6.38168
   7.63722   9.43894  11.59591  13.55975  14.80026  15.51142  15.66047
  15.95835  16.14965  16.86285  19.78579  23.57239  21.51049  45.17375
 139.48713 334.95161 701.98086"
"  2.86877   3.07597   3.57934   4.18597   4.72917   5.4249    6.60618
   8.25264  10.47511  12.94845  14.96954  16.24219  16.88506  16.74678
  16.59316  16.54696  17.42007  20.9714   25.13128  23.02873  44.28815
 139.58388 337.39378 708.92608"
"  3.37682   3.53846   3.93241   4.3904    4.81934   5.73502   7.12743
   9.34062  11.9815   14.6155   16.68184  17.97263  18.50925  18.05537
  17.44149  17.06576  18.04729  22.16771  26.73486  24.74659  42.83271
 138.61004 338.05472 713.08783"
"  3.83149   3.95519   4.23949   4.54931   5.107     6.31845   8.26918
  10.95752  13.86698  16.63025  18.73453  20.02584  20.42365  19.63065
  18.51886  17.71811  18.70791  23.35144  28.36247  26.67444  40.84237
 136.59399 336.9616  714.48995"
"  4.19928   4.28077   4.4567    4.77312   5.75717   7.41399  10.01834
  13.02215  16.1547   19.03652  21.1721   22.44378  22.67309  21.52137
  19.85519  18.52311  19.37091  24.50199  29.99136  28.80781  38.36847
 133.57532 334.15563 713.17374"
"  4.44098   4.48781   4.70295   5.50068   6.93537   9.30581  12.26847
  15.54737  18.89247  21.88625  24.04527  25.27513  25.30711  23.77591
  21.48696  19.5097   20.01418  25.6004   31.59768  31.09599  35.48972
 129.60409 329.69114 709.19699"
"  4.81338   5.00758   5.66614   6.90125   8.98103  11.74797  15.03123
  18.58636  22.13918  25.2385   27.41071  28.57463  28.37984  26.44276
  23.45566  20.71767  20.62631  26.62797  33.15796  33.48385  32.3565
 124.7397  323.6346  702.63299"
"  6.00413   6.42112   7.44345   9.18756  11.64325  14.75574  18.36741
  22.20507  25.96206  29.15907  31.33096  32.40265  31.9498   29.57227
  25.81138  22.19882  21.21054  27.56546  34.65065  35.92386  29.38167
 119.05031 316.06372 693.56939"
"  8.16933   8.77059  10.07867  12.12941  14.9265   18.39713  22.35115
  26.47836  30.43563  33.72021  35.87443  36.82503  36.07991  33.2194
  28.6223   24.01703  21.79993  28.39288  36.05699  38.37434  27.95993
 112.61231 307.06641 682.1074 "
" 11.10485  11.85018  13.39289  15.75125  18.90578  22.75275  27.0646
  31.48866  35.64127  39.00053  41.11548  41.91303  40.83757  37.44454
  31.97434  26.243    22.51501  29.0901   37.36108  40.79613  29.47249
 105.50981 296.7402  668.36064"
" 14.76593  15.66006  17.44988  20.13419  23.667    27.91051  32.5964
  37.32508  41.66698  45.08498  47.13447  47.74344  46.29502  42.31366
  35.93693  28.9449   23.66913  29.63871  38.55091  43.15158  32.34364
  97.8345  285.1905  652.45382"
" 19.22434  20.27981  22.33559  25.36819  29.30261  33.96428  39.04119
  44.08286  48.60729  52.06489  54.01788  54.39863  52.52965  47.89836
  40.56774  32.18519  25.39312  30.026    39.6175   45.40314  35.68684
  89.68617 272.53066 634.52262"
" 24.5636   25.79801  28.1425   31.54874  35.91032  41.01334  46.49916
  51.86299  56.56315  60.03798  61.85847  61.96681  59.62441  54.27588
  45.92774  36.02731  27.60223  30.25312  40.55184  47.51285  39.22255
  81.1747  258.88029 614.71108"
" 30.87217  32.30794  34.96762  38.77592  43.59267  49.16206  55.07592
  60.77199  65.64178  69.10844  70.75531  70.54212  67.66805  61.52926
  52.087    40.55344  30.34396  30.35276  41.33998  49.44413  42.93077
  72.42541 244.36495 593.1729 "
" 38.24168  39.90627  42.9117   47.15391  52.45665  58.51964  64.88221
  70.92165  75.95647  79.38697  80.814    80.22483  76.75539  69.7475
  59.12399  45.90038  33.70357  30.43489  41.96029  51.16865  46.80439
  63.59385 229.11515 570.06736"
" 46.76612  48.69251  52.07877  56.79061  62.61345  69.19988  76.0338
  82.42906  87.62629  90.99077  92.14676  91.1215   86.98742  79.02562
  67.1244   52.17803  37.77309  30.65886  42.38524  52.67287  50.64218
  54.91138 213.26578 545.56189"
" 56.54132  58.7685   62.57577  67.79735  74.17815  81.32099  88.6513
  95.41643 100.77565 104.04355 104.87251 103.34509  98.47147  89.4649
  76.18075  59.43901  42.63621  31.4286   42.58699  53.95808  54.29658
  46.85317 196.95566 519.82751"
" 67.66443  70.23805  74.51216  80.28856  87.26948  95.0053  102.85991
 110.01099 115.53395 118.67543 119.11703 117.01515 111.32135 101.17297
  86.3923   67.7532   48.37039  33.88553  42.54526  55.03224  57.69811
  40.7722  180.32734 493.04048"
" 80.23357  83.20652  87.99961  94.38143 102.00951 110.37906 118.78929
 126.3449  132.03538 135.02286 135.013   132.25783 125.6574  114.26394
  97.86503  77.20785  55.06785  37.54851  42.25974  55.9004   60.80066
  40.74723 163.52766 465.38016"
" 94.34735  97.78045 103.15161 110.19564 118.52338 127.57216 136.57326
 144.555   150.41885 153.22835 152.70006 149.20603 141.60664 128.85854
 110.71172  87.89802  62.91613  42.14774  41.77336  56.55846  63.57122
  45.3857  146.7093  437.0283 "
"110.1045  114.06716 120.08311 127.85297 136.93896 146.71781 156.34959
 164.78265 170.82805 173.44014 172.3248  167.99945 159.30276 145.08419
 125.05198  99.92924  72.06702  47.73848  41.22154  56.98888  65.98388
  50.79228 130.03475 408.16833"
