"  1.        1.3688    2.09226   2.93429   3.83712   4.711     5.46242
   6.1922    6.91781   7.64878   8.36966   9.13383   9.9103   10.60798
  11.52241  12.13613  12.58732  13.1259   14.15118  15.20585  15.71744
  15.886    15.95051  17.23695  19.32608  18.68327  22.15599  60.06791
 132.67659 258.66563 464.8453  787.91352"
"  1.18143   1.49658   2.15391   2.94678   3.78634   4.59328   5.28182
   5.95371   6.6379    7.40183   8.15394   9.05364   9.94977  10.93561
  11.99755  12.64934  13.15209  13.61795  14.44907  15.30776  15.70277
  15.91598  16.23414  18.03556  20.28462  19.52541  22.3707   61.13704
 135.22159 263.50927 473.11279 801.11271"
"  1.4976    1.75567   2.31602   3.03078   3.79589   4.52852   5.14886
   5.77046   6.44832   7.25171   8.06173   9.12478  10.19438  11.49537
  12.58898  13.2799   13.80424  14.17872  14.80551  15.46403  15.77147
  16.03301  16.67573  18.89378  21.29148  20.45142  22.41109  61.83546
 137.19814 267.52455 480.21404 812.7129 "
"  1.87687   2.08324   2.55919   3.17812   3.85764   4.50879   5.05811
   5.63978   6.35872   7.20482   8.16255   9.37341  10.71852  12.18899
  13.30376  14.03072  14.54991  14.81714  15.22932  15.67878  15.91265
  16.22661  17.22434  19.79264  22.34271  21.4664   22.30329  62.15923
 138.59991 270.70203 486.1357  822.69583"
"  2.27651   2.44169   2.84637   3.3786    3.9655    4.52686   5.00815
   5.57453   6.37241   7.27724   8.46596   9.8502   11.48788  13.01803
  14.15021  14.90606  15.39775  15.54384  15.73061  15.97066  16.11937
  16.48524  17.84311  20.71804  23.43353  22.57215  22.0948   62.10805
 139.42459 273.03692 490.86972 831.04934"
"  2.67452   2.80765   3.15012   3.60894   4.1084    4.5739    5.002
   5.62019   6.49702   7.51713   8.96775  10.61968  12.42152  13.99071
  15.1381   15.91276  16.35849  16.37127  16.32086  16.36246  16.3888
  16.79697  18.50511  21.65912  24.55824  23.76665  21.8493   61.68507
 139.67369 274.52885 494.41323 837.76722"
"  3.05842   3.16761   3.45611   3.84684   4.26337   4.6358    5.0506
   5.79166   6.75218   8.05108   9.72852  11.62678  13.5168   15.11781
  16.27869  17.06048  17.44472  17.31301  17.0135   16.84623  16.72109
  17.15016  19.18868  22.60689  25.71026  25.04527  21.71543  60.8968
 139.35238 275.1817  496.76827 842.84893"
"  3.4207    3.51255   3.75248   4.07517   4.4071    4.70713   5.2205
   6.09093   7.19927   8.84885  10.77325  12.82408  14.78369  16.41234
  17.58477  18.36147  18.67065  18.38365  17.8251   17.42489  17.11932
  17.53383  19.87883  23.55347  26.88216  26.40127  22.12276  59.75259
 138.46931 275.00343 497.94165 846.29952"
"  3.754     3.83101   4.02376   4.27578   4.52405   4.83547   5.54687
   6.55029   8.01202   9.93877  12.04717  14.21404  16.23621  17.8894
  19.07073  19.83022  20.05204  19.59937  18.77407  18.10825  17.58882
  17.93809  20.5634   24.49176  28.06576  27.82573  22.75933  58.26484
 137.03642 274.00587 497.94476 848.12929"
"  4.04582   4.10632   4.2508    4.43194   4.63396   5.14971   6.04136
   7.29851   9.15726  11.28747  13.53898  15.81019  17.89108  19.56608
  20.75269  21.4832   21.60603  20.97774  19.87604  18.91033  18.13667
  18.35479  21.23191  25.41529  29.25231  29.30739  23.69572  56.44901
 135.06877 272.20456 496.7933  848.35373"
"  4.27848   4.32014   4.41791   4.55253   4.91346   5.68158   6.79561
   8.49629  10.5836   12.87474  15.26026  17.63051  19.76738  21.46136
  22.64852  23.33862  23.35112  22.5375   21.14619  19.84768  18.7727
  18.77866  21.87496  26.31761  30.43269  30.83459  24.93966  54.32368
 132.58438 269.6185  494.50721 846.9932 "
"  4.44098   4.46769   4.55237   4.84025   5.50068   6.50334   8.02212
  10.0025   12.26847  14.7124   17.22955  19.6959   21.88625  23.59599
  24.77787  25.41634  25.30711  24.29831  22.60334  20.9378   19.5097
  19.20917  22.48401  27.19251  31.59768  32.3954   26.40585  51.91075
 129.60409 266.27007 491.11032 844.07281"
"  4.63744   4.70206   4.97727   5.54842   6.4377    7.79038   9.61539
  11.7858   14.22377  16.82139  19.46924  22.02966  24.27077  25.99245
  27.16213  27.7377   27.49505  26.28036  24.2691   22.19828  20.36354
  19.65418  23.05143  28.03399  32.73828  33.97756  28.04151  49.23609
 126.1512  262.18469 486.63033 839.62213"
"  5.25135   5.43462   5.88428   6.6489    7.84954   9.48603  11.50446
  13.85983  16.47235  19.22651  22.0046   24.65721  26.94593  28.6749
  29.8244   30.32557  29.93723  28.50429  26.1648   23.64685  21.35348
  20.13645  23.57075  28.83593  33.84602  35.56854  29.80737  46.33097
 122.25148 257.39073 481.09839 833.67507"
"  6.32103   6.60936   7.23792   8.25527   9.67495  11.4973   13.70502
  16.24932  19.04124  21.95528  24.86329  27.60599  29.93851  31.66917
  32.78945  33.20422  32.65715  30.99152  28.31112  25.3021   22.5023
  20.70228  24.03731  29.59188  34.91329  37.15557  31.68416  43.23532
 117.93308 251.91955 474.54916 826.26956"
"  7.93701   8.31391   9.07815  10.24728  11.83498  13.84166  16.24378
  18.98321  21.96013  25.03747  28.07507  30.90532  33.27707  35.00275
  36.08368  36.3994   35.67956  33.76457  30.72768  27.18472  23.83596
  21.43311  24.4498   30.29482  35.93315  38.7255   33.68233  40.00638
 113.22636 245.8047  467.02035 817.44749"
"  9.95642  10.40575  11.28045  12.59273  14.35068  16.54771  19.15136
  22.09292  25.26073  28.5049   31.67172  34.58639  36.99198  38.70478
  39.73513  39.93833  39.03045  36.84738  33.4353   29.31999  25.38193
  22.36075  24.81403  30.93709  36.89954  40.26476  35.80892  36.74409
 108.1638  239.08226 458.55264 807.25429"
" 12.34885  12.87029  13.85738  15.31748  17.2524   19.64755  22.46073
  25.61186  28.97662  32.39125  35.68692  38.68224  41.11535  42.80613
  43.77348  43.84969  42.73718  40.26536  36.45682  31.74214  27.16706
  23.4783   25.13647  31.51052  37.80749  41.75933  38.03883  33.66823
 102.78    231.79061 449.18975 795.73904"
" 15.13708  15.7336   16.83843  18.4534   20.57344  23.1754   26.20665
  29.57512  33.1431   36.73193  40.15615  43.22772  45.6811   47.33933
  48.23004  48.16371  46.82848  44.0455   39.81686  34.49171  29.21631
  24.79518  25.42872  32.00667  38.65309  43.19518  40.31085  31.29605
  97.11172 223.96999 438.97739 782.9537 "
" 18.35073  19.02714  20.25661  22.03473  24.34901  27.16712  30.4255
  34.01941  37.79705  41.56402  45.11669  48.25949  50.72489  52.3387
  53.13781  52.91214  51.33461  48.21638  43.54176  37.59917  31.55324
  26.33439  25.71176  32.41728  39.43311  44.55908  42.57813  31.03026
  91.19807 215.66257 427.96426 768.95385"
" 22.0219   22.78453  24.14675  26.09732  28.61576  31.66006  35.15512
  38.98294  42.97695  46.92619  50.60747  53.816    56.28422  57.84029
  58.53144  58.12834  56.28736  52.80817  47.65953  41.08602  34.20184
  28.12578  26.02177  32.73504  40.14425  45.83935  44.81206  32.68857
  85.08102 206.91223 416.20111 753.79704"
" 26.18418  27.04078  28.54501  30.67831  33.41167  36.69289  40.43474
  44.50538  48.72276  52.85864  56.66908  59.93752  62.39837  63.88195
  64.44734  63.84732  61.72015  57.85268  52.19987  44.97517  37.18938
  30.20315  26.44046  32.95476  40.78205  47.02714  46.99047  35.17354
  78.80631 197.7644  403.74013 737.54437"
" 30.87217  31.83193  33.48863  35.81596  38.77592  42.30553  46.30495
  50.6278   55.07592  59.40308  63.34365  66.66607  69.10844  70.50335
  70.92364  70.10575  67.66805  63.38337  57.19415  49.29173  40.55344
  32.60125  27.19656  33.07525  41.33998  48.11714  49.09469  37.95461
  72.42541 188.26596 390.63584 720.25861"
" 36.12126  37.1949   39.01579  41.54958  44.74878  48.53914  52.80759
  57.39264  62.07931  66.60272  70.67477  74.04546  76.45735  77.74602
  78.00023  76.94202  74.16787  69.43539  62.67544  54.06309  44.3523
  35.35279  28.61091  33.10255  41.80927  49.10733  51.10852  40.8529
  65.99963 178.46515 376.94422 702.00459"
" 41.96753  43.16736  45.16554  47.91942  51.37157  55.43598  59.98575
  64.84366  69.7772   74.5022   78.70753  82.12117  84.48985  85.65334
  85.71882  84.39624  81.25811  76.04558  68.67852  59.31978  48.63546
  38.48735  30.48408  33.05562  42.17941  49.99786  53.0174   43.80524
  59.60947 168.4115  362.72253 682.85044"
" 48.44757  49.78764  51.97769  54.9666   58.68662  63.03941  67.8837
  73.02588  78.21525  83.14762  87.48839  90.94039  93.2525   94.27057
  94.12293  92.51032  88.97906  83.25255  75.23991  65.09469  53.42332
  42.03291  32.73425  32.97727  42.43928  50.78962  54.80687  46.83619
  53.37816 158.15589 348.02934 662.86408"
" 55.59843  57.09462  59.49273  62.73307  66.73714  71.3938   76.54683
  81.98558  87.44042  92.58648  97.06527 100.55187 102.79368 103.64491
 103.25795 101.32799  97.37279  91.09664  82.39793  71.42287  58.7366
  46.0189   35.37045  32.95843  42.5785   51.48315  56.4632   49.93876
  47.53594 147.75065 332.92427 642.11602"
" 63.45753  65.12766  67.75176  71.26147  75.5672   80.54451  86.02162
  91.77018  97.50096 102.86766 107.48747 111.00585 113.16357 113.82544
 113.17111 110.89476 106.48319  99.62     90.19264  78.34142  64.60278
  50.48346  38.42338  33.09318  42.58924  52.07763  57.97418  53.02479
  42.58388 137.24994 317.46784 620.67841"
" 72.06254  73.92654  76.79642  80.59514  85.22168  90.53778  96.35556
 102.42828 108.44636 114.04138 118.8057  122.35399 124.41409 124.86318
 123.91156 121.25802 116.35597 108.8666   98.66595  85.88942  71.05454
  55.49665  41.92964  33.59831  42.46865  52.5695   59.33142  56.00302
  39.81076 126.71032 301.72133 598.6237 "
" 81.45133  83.53134  86.66881  90.77799  95.74614 101.42073 107.59711
 114.00954 120.32733 126.15916 131.07208 134.64926 136.59894 136.81106
 135.53034 132.46702 127.03871 118.88225 107.86161  94.10792  78.12711
  61.13602  45.92507  35.14743  42.22266  52.9516   60.5326   58.83228
  41.07874 116.19203 285.74667 576.02562"
" 91.66186  93.98241  97.41141 101.85447 107.18684 113.24121 119.79564
 126.56465 133.19571 139.2738  144.34007 147.9459  149.77345 149.72392
 148.08043 144.57289 138.58085 129.71459 117.82524 103.03991  85.85782
  67.41916  50.44299  37.68764  41.87244  53.21329  61.58201  61.48701
  44.44063 105.76115 269.60633 552.95871"
"102.73214 105.32025 109.067   113.86946 119.59058 126.04783 133.00136
 140.14527 147.10442 153.4393  158.66448 162.29942 163.99456 163.65851
 161.61673 157.62865 151.03369 141.41318 128.60434 112.73034  94.28714
  74.36323  55.51601  40.82208  41.46557  53.34191  62.48818  63.94999
  48.31325  95.494   253.36331 529.49801"
"114.70007 117.58542 121.6786  126.86821 133.00469 139.88983 147.26526
 154.80397 162.10743 168.71081 174.1014  177.76663 179.32071 178.67339
 176.19611 171.68922 164.45046 154.02946 140.24832 123.22613 103.45808
  81.99742  61.1816   44.5047   41.09669  53.32502  63.2594   66.20922
  52.27916  85.48585 237.08114 505.71888"
