"  1.        1.91885   3.43326   4.97786   6.27655   7.56467   8.83382
  10.225    11.69612  12.58732  13.8754   15.55323  15.93887  17.47158
  18.93297  44.25536 180.68905 525.02006"
"  1.4389    2.13687   3.44355   4.76136   5.87012   7.18047   8.75224
  10.6561   12.66435  13.68925  14.56119  15.62916  16.18238  19.04852
  20.59837  45.33012 186.4962  540.96257"
"  2.14265   2.63815   3.64776   4.69312   5.65839   7.13765   9.21436
  11.92067  14.04424  15.10316  15.47405  15.97956  16.69893  20.75841
  22.54478  45.33822 190.01393 552.65383"
"  2.86877   3.22102   3.98293   4.72917   5.7849    7.58895  10.47511
  13.69953  15.88862  16.88506  16.67807  16.58273  17.42007  22.52869
  24.76227  44.28815 191.22772 560.04716"
"  3.53549   3.78779   4.31844   4.87748   6.33795   8.97051  12.56759
  16.02776  18.26439  19.11302  18.25688  17.43697  18.26548  24.30834
  27.2186   42.22655 190.16789 563.15433"
"  4.0892    4.24808   4.55266   5.49701   7.66378  11.28794  15.34476
  18.99433  21.25684  21.88309  20.32282  18.58324  19.15122  26.05399
  29.85962  39.24277 186.90572 562.04161"
"  4.44098   4.52578   5.16443   6.93537  10.24197  14.43565  18.89247
  22.71344  24.97229  25.30711  22.99564  20.09808  20.01418  27.72681
  32.62086  35.48972 181.54983 556.82562"
"  5.11827   5.58801   7.00741   9.80317  13.76904  18.49756  23.34592
  27.32118  29.53766  29.51156  26.38855  22.09609  20.82341  29.29015
  35.43175  31.31136 174.24229 547.66928"
"  7.34679   8.22884  10.34472  13.75876  18.34586  23.63216  28.86726
  32.97398  35.09898  34.6369   30.61602  24.71664  21.59841  30.70806
  38.21639  28.03811 165.155   534.77753"
" 11.10485  12.27463  14.87442  18.90578  24.15363  30.02576  35.64127
  39.84795  41.82059  40.83757  35.80698  28.09668  22.51501  31.93953
  40.89327  29.47249 154.48583 518.3932 "
" 16.15948  17.62777  20.74661  25.44366  31.39882  37.88651  43.87394
  48.13881  49.88491  48.2829   42.10927  32.37162  24.18918  32.93572
  43.37948  33.42545 142.45607 498.79294"
" 22.68059  24.48377  28.17379  33.5935   40.30681  47.44176  53.79187
  58.06213  59.49281  57.15856  49.68884  37.72198  26.81024  33.64385
  45.60379  38.02876 129.30793 476.28257"
" 30.87217  33.0615   37.38558  43.59267  51.11998  58.93665  65.64178
  69.85373  70.86407  67.66805  58.72988  44.41871  30.34396  34.01985
  47.52286  42.93077 115.30368 451.19315"
" 40.95013  43.59214  48.62479  55.693    64.09658  72.63336  79.6898
  83.77003  84.23805  80.03371  69.43524  52.63572  34.97684  34.05783
  49.12387  48.09795 100.72874 423.87725"
" 53.13797  56.3163   62.14554  70.15956  79.50991  88.81047  96.22025
 100.08837  99.87419  94.49745  82.027    62.52749  40.92222  33.86625
  50.40648  53.10378  85.90514 394.70394"
" 67.66443  71.48217  78.21188  87.26948  97.64735 107.76245 115.53395
 119.10709 118.05264 111.32135  96.74705  74.28645  48.37039  33.87396
  51.3615   57.69811  71.2397  364.05582"
" 84.76166  89.344    97.09641 107.31078 118.80942 129.79894 137.94709
 141.14531 139.07468 130.78811 113.85766  88.13576  57.54285  35.27557
  51.94881  61.76247  57.42291 332.32513"
"104.66343 110.16042 119.0788  130.58113 143.30869 155.24391 163.79084
 166.54248 163.26307 153.20142 133.64198 104.32591  68.87056  40.1388
  52.09777  65.22072  46.42234 299.91073"
