-7.820179051075276e-06, -0.00015873934684625603, -1.3046685441026036e-06, -5.513659691995427e-12, 1.1359344869495496e-10, -1.7388656282141203e-12, 6.65328e-26, 1.602e-19
-8.77416609492212e-05, 8.491034562357544e-05, -1.47244937201604e-05, 4.991049440985478e-11, -5.373935669269601e-11, 4.379280099606007e-11, 6.65328e-26, 1.602e-19
1.4852902066970279e-05, -9.658431856664124e-06, -1.422099643134805e-06, -1.3747811053877492e-11, 1.281807682794714e-12, 8.044976876237613e-12, 6.65328e-26, 1.602e-19
-0.00023257431422376996, -0.0004477477504594004, 2.570280798094013e-08, 1.0225550715242585e-10, 1.965724636452999e-10, -2.4791485428002267e-14, 6.65328e-26, 1.602e-19
-0.00039328168922649634, 0.00022179171516908781, 7.451479307463248e-09, 1.7312872857450745e-10, -9.643919377854186e-11, 8.811194507895556e-14, 6.65328e-26, 1.602e-19
0.00022678927921031071, 0.00043357345795165303, -3.0118553814616936e-08, -9.990277047292301e-11, -1.9071584819052042e-10, 1.8280930671402286e-14, 6.65328e-26, 1.602e-19
-7.532097079860336e-06, -0.00036856326454271686, 4.059693532236076e-06, 6.8731511899820135e-12, 1.6936679880973044e-10, -7.730994870585132e-12, 6.65328e-26, 1.602e-19
-0.0008481003917494769, 0.001492438301968783, 5.018264412310285e-06, 3.623260246113079e-10, -6.334214864014086e-10, -9.27042312814046e-12, 6.65328e-26, 1.602e-19
2.0414135073471805e-05, 3.1887655029622145e-05, 3.813667136645792e-07, -1.549472714088714e-11, -2.0518135537751063e-11, -7.096690174982043e-13, 6.65328e-26, 1.602e-19
0.005622628567683615, 0.007150541240821887, 3.23935081968084e-08, -2.403620990833338e-09, -3.056795983506502e-09, -5.538610122940761e-14, 6.65328e-26, 1.602e-19
-0.034626300110032385, -0.01106633086432682, -0.0020962336055919714, 1.4802361465344188e-08, 4.730734415423904e-09, 3.586348238168255e-09, 6.65328e-26, 1.602e-19
-0.00018662073702469065, 4.0438363105396216e-05, 7.556245517796106e-08, 1.0089034267725307e-10, -2.6834260869494002e-11, 1.535317026742637e-13, 6.65328e-26, 1.602e-19
-1.816151394573186e-05, -0.0001024506734505104, 2.179748891929642e-07, 6.720906572037124e-11, -1.7228934117696508e-11, -2.2529857070499974e-12, 6.65328e-26, 1.602e-19
0.007265336935262714, 0.00556969237981655, 1.6658646280516857e-05, -3.1058695923862607e-09, -2.3809917494834437e-09, -2.8500555453185082e-11, 6.65328e-26, 1.602e-19
-0.00015599347664889057, 0.00013795038385438571, -1.1523823706188732e-06, 5.5050587977820254e-11, -1.397743675707646e-10, -1.9450574794487107e-11, 6.65328e-26, 1.602e-19
-0.0003194562346020527, -8.98691942057413e-06, 2.452943466990642e-07, 1.4860487541908251e-10, 5.826563647024017e-12, 2.3827514906297516e-13, 6.65328e-26, 1.602e-19
0.28483453249598933, -0.08495488712654455, -8.44062796714176e-05, -1.2176361091456105e-07, 3.631727421075513e-08, 1.444067610601892e-10, 6.65328e-26, 1.602e-19
-8.795728921813382e-05, -0.00011574980362720362, 1.3343542362275657e-06, 3.5994103816599105e-11, 6.455987375289477e-11, 6.563113884832353e-13, 6.65328e-26, 1.602e-19
0.000964989397089248, -0.001491605809888914, 3.444046647894383e-06, -4.1307963491327654e-10, 6.382124513651208e-10, -5.905807368840857e-12, 6.65328e-26, 1.602e-19
0.0002471979328914452, 0.0001461135319680655, -1.945796063945827e-05, -1.1926352698795828e-10, -6.826174477420429e-11, 3.579640167014117e-11, 6.65328e-26, 1.602e-19
-0.00024633252618246456, -7.043211686943253e-05, 2.101202400542998e-05, 1.193208720834041e-10, 3.442167037344745e-11, -3.9067052830149414e-11, 6.65328e-26, 1.602e-19
-0.00012608883482825124, -8.763262579334545e-05, -7.063821773494649e-07, 7.717401064794611e-11, 2.848423606035197e-11, 9.83934435520352e-12, 6.65328e-26, 1.602e-19
0.003397146194562044, 0.001563059960696214, 3.9419190795863005e-05, -1.4523728275611502e-09, -6.68253882458177e-10, -6.74435509331175e-11, 6.65328e-26, 1.602e-19
0.0027262660169665395, 0.0012144784417161387, -1.391489842920948e-06, -1.165576575070196e-09, -5.192309464420036e-10, 2.382531509241309e-12, 6.65328e-26, 1.602e-19
-0.000133605672991369, 0.0003215304371415036, 3.5482789576821353e-06, 6.014250909287475e-11, -1.4614091844829208e-10, -6.130500655942478e-12, 6.65328e-26, 1.602e-19
-4.066946738336854e-05, -0.00017339277551184503, -2.2779789484256446e-05, 2.5627802602128353e-11, 9.76564982680491e-11, 5.5022936810563235e-11, 6.65328e-26, 1.602e-19
6.185302861757393e-06, -4.207619271051889e-05, 5.65958193573972e-06, 2.3345387153515185e-12, 4.2048522981605397e-11, -1.7687319811184283e-11, 6.65328e-26, 1.602e-19
3.941513689595421e-06, 0.00010775539150159262, -2.3302738694282483e-06, -1.6855810419098462e-11, -6.911039807285882e-11, -1.104195267934317e-12, 6.65328e-26, 1.602e-19
0.00024245640947306334, -6.92034424423841e-05, 1.334701051578227e-07, -1.1364748561599538e-10, 3.256746266190229e-11, -1.8100524490958374e-13, 6.65328e-26, 1.602e-19
0.00033236381470115345, -5.806941711047315e-05, -7.623140206372081e-09, -1.3259287218300359e-10, 2.0672419140566884e-11, -7.212129348643735e-14, 6.65328e-26, 1.602e-19
5.2799599790536174e-05, 0.00011435861018377324, 6.232688744799455e-07, -4.9422986989379816e-11, -1.0645844974272117e-10, -1.1581971779444117e-11, 6.65328e-26, 1.602e-19
-0.04773407034136584, 0.0636614689820928, 0.0013430123225285718, 2.0405787054982734e-08, -2.7214573791373375e-08, -2.297697051924243e-09, 6.65328e-26, 1.602e-19
0.00014033565263140907, -0.0001333939922050151, 3.537779614589501e-06, -9.27402135348605e-12, 7.333498385396743e-11, 1.6174482785080644e-11, 6.65328e-26, 1.602e-19
0.00018719540933295005, 0.00019561721363585722, -2.223709113718349e-07, -9.172350371095971e-11, -9.487952298297559e-11, -3.746402190753953e-13, 6.65328e-26, 1.602e-19
0.03465258836223451, 0.011050777106052888, 0.002094646474841057, -1.4813599400844398e-08, -4.724085354040421e-09, -3.5836328900511175e-09, 6.65328e-26, 1.602e-19
-0.05395729843296688, -0.11657666571301667, -6.65932130368089e-05, 2.3066148079533582e-08, 4.9835234750486965e-08, 1.1393121746624031e-10, 6.65328e-26, 1.602e-19
4.947011806676619e-05, -0.0003451472128711154, -3.3958324893488532e-06, -2.803639261415703e-11, 1.5560381325989201e-10, 6.5658468896771145e-12, 6.65328e-26, 1.602e-19
0.00038773528351643933, -0.00014293873658688977, -3.0677046803741655e-08, -1.748711669130685e-10, 6.293681492291887e-11, 3.4084078116574e-14, 6.65328e-26, 1.602e-19
-0.000853867165427816, 0.0015537368802351458, -3.3361891262747246e-06, 3.65713502013052e-10, -6.696242558957069e-10, 6.392700939576407e-12, 6.65328e-26, 1.602e-19
-7.734367573135908e-07, -0.00013025792097497475, -4.805108182947614e-07, -4.3985009371317134e-11, 1.2024464956209154e-10, 8.721427815506771e-13, 6.65328e-26, 1.602e-19
8.757707630502873e-05, 3.026892297085055e-05, 5.2409672488704975e-06, -1.4755162694947628e-11, -3.112158563303522e-11, 2.645812511096685e-11, 6.65328e-26, 1.602e-19
0.018032611327979908, 0.004122000605928254, 0.0003542362758599823, -7.708746828398805e-09, -1.762110685725442e-09, -6.060463947446561e-10, 6.65328e-26, 1.602e-19
-0.004490194708472472, 0.001337762889671489, 1.7539106424251291e-06, 1.9195784849842913e-09, -5.719022559463566e-10, -3.0007299046597667e-12, 6.65328e-26, 1.602e-19
-0.00014811735266402832, -0.00017993866181642535, 1.5878781050498616e-06, 7.657349938021075e-11, 1.0625917374836707e-10, -1.6473732369191907e-12, 6.65328e-26, 1.602e-19
-0.003392156830006998, -0.0015955174240569595, -3.963682183493602e-05, 1.450230513828845e-09, 6.821237663433787e-10, 6.781516109027478e-11, 6.65328e-26, 1.602e-19
-7.025256448228866e-06, -0.00011391024457411641, -7.265808746431657e-08, -3.251745723710312e-11, 4.8094969610777587e-11, -7.251083890693245e-13, 6.65328e-26, 1.602e-19
-0.01807637105643406, -0.004086074637992256, -0.000354185492915794, 7.727453611585028e-09, 1.7467527194198773e-09, 6.059595119696799e-10, 6.65328e-26, 1.602e-19
0.0038716236662625393, -0.001205783349348725, -1.7471484541696027e-06, -1.6551687737667093e-09, 5.154913792344153e-10, 2.9891824185565855e-12, 6.65328e-26, 1.602e-19
0.0001336297855041038, -7.046363619849289e-05, -3.1714624898276066e-07, -7.724628989977542e-11, 3.931110594396608e-11, -4.042407204078358e-12, 6.65328e-26, 1.602e-19
-0.000320942870775513, 0.00025452781069258657, -7.610866530218991e-07, 1.39367134796275e-10, -1.152960258438214e-10, 1.4920675502393556e-12, 6.65328e-26, 1.602e-19
-0.00041124693882169913, -4.837740116224218e-06, 5.7275376643983325e-06, 1.8627895971210397e-10, 2.75198691281498e-12, -9.99416198463285e-12, 6.65328e-26, 1.602e-19
0.00019198868324574436, -0.00017971560640049129, 7.312317787811445e-06, -9.470462764491804e-11, 9.3742222541821e-11, -1.3256298182472516e-11, 6.65328e-26, 1.602e-19
-0.0004658974137905189, 0.0002416372758729985, 6.759313075004607e-07, 2.0768460516098035e-10, -1.0674947325630307e-10, -1.1432538953394898e-12, 6.65328e-26, 1.602e-19
-0.00016136846175357082, 0.00012333800061767544, -6.005357021990444e-06, 1.0686574470531078e-10, -3.692876062851923e-12, 3.358958627847935e-11, 6.65328e-26, 1.602e-19
-0.00015016969405631746, 0.00014673990605596933, 0.00021910906183802864, 6.747514109280715e-11, -6.650226101833308e-11, -3.8329317485930046e-10, 6.65328e-26, 1.602e-19
-1.0091196400015844e-05, 6.758815900899762e-05, 1.7121868468558027e-06, 9.046166515057893e-12, -1.85385547792544e-11, -1.045668553794787e-11, 6.65328e-26, 1.602e-19
-0.00014695204172684772, -0.00013244222179777598, 2.683903347830174e-06, 2.3207863160697896e-10, -2.598040174966157e-10, 3.8439389307177205e-11, 6.65328e-26, 1.602e-19
-0.019756096929265787, -0.38666773634873974, 0.0019103760468054097, 8.445512832972763e-09, 1.652961787501801e-07, -3.268373139937173e-09, 6.65328e-26, 1.602e-19
-6.55329061168136e-05, 2.6245046354753112e-05, 1.5773719181127927e-07, 4.154550255689222e-11, -4.175372065165878e-12, 1.955932228795749e-12, 6.65328e-26, 1.602e-19
5.300841562703e-05, 3.796060158797535e-05, -0.0002379987763757457, -2.4019628860675967e-11, -1.7349634913337915e-11, 4.1833786420828163e-10, 6.65328e-26, 1.602e-19
4.893966058841336e-05, 9.533436039678185e-05, -2.9522911570060386e-06, -3.076150935328404e-11, -4.014852329912597e-12, 1.573875321228171e-11, 6.65328e-26, 1.602e-19
4.461672087309692e-05, 0.000396964134339263, -4.566686593304341e-06, -1.9238674933389963e-11, -1.776322234635791e-10, 7.972729964986501e-12, 6.65328e-26, 1.602e-19
-0.0002725469156056, 5.4036966852602085e-05, 5.995580761866045e-08, 1.2937856758786496e-10, -2.8680755206404693e-11, 2.547163898517734e-13, 6.65328e-26, 1.602e-19
-0.00561461460973066, -0.0071440618265854626, -3.239088966126241e-08, 2.4001951974983893e-09, 3.0540261667937575e-09, 5.5381975706234835e-14, 6.65328e-26, 1.602e-19
0.0003214430692863679, 6.470699641614329e-06, -5.195892375204425e-08, -1.4510105161952358e-10, -1.0852948262080923e-11, -9.465813754298354e-14, 6.65328e-26, 1.602e-19
9.148319142069996e-05, -3.777241011506036e-06, 8.177402409253603e-07, -5.492898033073731e-11, 1.8727767129863042e-11, 3.3453915077832807e-12, 6.65328e-26, 1.602e-19
0.000429353645664644, 4.6506811802264264e-05, -5.331929861140978e-06, -1.9280996045631975e-10, -2.3370943542385934e-11, 9.33102282975067e-12, 6.65328e-26, 1.602e-19
8.442086999721175e-05, 0.00018490029236693936, 1.0544214267552296e-07, -3.56914293135392e-11, -1.0701163643799354e-10, -2.0628687457996574e-12, 6.65328e-26, 1.602e-19
0.00012555874203642333, 0.00024629002095267533, 3.1871569282986924e-06, -5.886731275270243e-11, -1.227928500930382e-10, -6.311499807407607e-12, 6.65328e-26, 1.602e-19
0.0003605170647802418, -6.91771766646021e-05, -1.7547653976310025e-08, -1.8271611398197192e-10, 3.7743415390558086e-11, -4.1238067633343684e-14, 6.65328e-26, 1.602e-19
5.3956730972287565e-05, -3.6019117109850173e-05, 6.288356033958864e-08, -3.36824675988178e-11, 3.117805562092214e-11, -8.752408972024656e-13, 6.65328e-26, 1.602e-19
-0.00723066312135144, -0.005526369499387502, -1.6659274100224815e-05, 3.091047040753196e-09, 2.36247178414302e-09, 2.850163007317809e-11, 6.65328e-26, 1.602e-19
-0.00013166912428281882, 5.832554944553671e-05, -5.442996754584815e-07, 7.308150699371476e-11, -2.672538306714235e-11, 1.616360115754689e-12, 6.65328e-26, 1.602e-19
0.019987096514974455, 0.3865217936632551, -0.0019100864068725305, -8.544262599817502e-09, -1.6523378986702752e-07, 3.2678776085058996e-09, 6.65328e-26, 1.602e-19
1.8489694381293315e-05, 0.00015839809056736464, -8.879426548483437e-07, -9.571539761269435e-12, -1.023499434529847e-10, -1.7566570651132073e-13, 6.65328e-26, 1.602e-19
0.00038114005221969344, -0.00027365980402936527, 1.8658114997575795e-07, -1.672155442293376e-10, 1.2652114831560943e-10, -3.3915760200278205e-13, 6.65328e-26, 1.602e-19
-0.002589662472471539, -0.0012082026345485726, 1.3991259539036508e-06, 1.1072016478909448e-09, 5.165603607288478e-10, -2.3948869359930308e-12, 6.65328e-26, 1.602e-19
-2.2910509754911624e-05, -6.2970002374117e-06, 5.948172208231857e-07, 3.2093977702998376e-11, 5.279990925675735e-12, -7.074232029907354e-13, 6.65328e-26, 1.602e-19
-4.685431971678317e-05, -0.00024805982797710264, 5.667968873376356e-07, 1.7045289973924608e-11, 1.259366275315506e-10, -1.0538186064186506e-12, 6.65328e-26, 1.602e-19
-0.00021513376740208245, -0.00019162438883301688, 2.69420675871992e-07, 1.096914012458595e-10, 9.388756683009561e-11, 8.475006691575672e-14, 6.65328e-26, 1.602e-19
-0.00017487718567134463, 1.0456141381903737e-06, 1.9488774847721953e-07, 8.709039802192131e-11, 1.11346530028756e-11, 3.129277471191712e-13, 6.65328e-26, 1.602e-19
0.00015998392396063838, 4.911446530289766e-06, 4.4136839606102406e-07, -9.213312455667752e-11, -3.738737182494255e-12, -3.011058595404793e-13, 6.65328e-26, 1.602e-19
-0.28481968461756924, 0.0849488328568323, 8.440647639708776e-05, 1.2175726361083408e-07, -3.6314686077445424e-08, -1.444070976289501e-10, 6.65328e-26, 1.602e-19
0.00010029661747268585, 3.0675448797718424e-05, 1.8898813521458204e-05, -9.69619357898921e-11, -2.8495826948695367e-11, -8.727794188590898e-11, 6.65328e-26, 1.602e-19
-0.00014401350044070742, -0.00013880554609789402, 3.5362337279216923e-06, -7.106834745200989e-11, 3.8755684967849173e-10, -5.069919557430383e-11, 6.65328e-26, 1.602e-19
-2.115731055298822e-05, 9.771111127698978e-05, -8.867863205882773e-06, 4.091411171796655e-11, -5.1839861319765086e-11, 3.090404839362667e-11, 6.65328e-26, 1.602e-19
0.00039078182181044493, -0.0002047773495415539, 1.6964394464297013e-08, -1.742589297406922e-10, 9.381040316438798e-11, -3.382794942957034e-14, 6.65328e-26, 1.602e-19
0.05392790402600795, 0.11656586831344848, 6.659203631358138e-05, -2.3053582295816527e-08, -4.98306189816889e-08, -1.139292042654757e-10, 6.65328e-26, 1.602e-19
-0.0010733241630279783, -0.0013270039776945809, -2.6973490912284888e-08, 4.591434873294356e-10, 5.676678584863217e-10, 4.6289800626953353e-14, 6.65328e-26, 1.602e-19
-0.00010061794063214597, -0.00022217376202220257, 9.84629223005942e-06, 4.9765044840751145e-11, 1.143792058878421e-10, -2.0638568392103353e-11, 6.65328e-26, 1.602e-19
-8.110582634984636e-05, 6.86408475976697e-05, 2.0854606266316833e-05, 4.4759690851093174e-11, -3.6633580815827706e-11, -6.033827770542759e-11, 6.65328e-26, 1.602e-19
-9.532939218759881e-05, -7.652363179477058e-05, 1.8573562460132634e-05, 4.1861689797995086e-11, 2.1242271975230735e-11, -4.910433874006806e-11, 6.65328e-26, 1.602e-19
0.00010228725502387838, -5.451517897552678e-05, -2.0452783235133082e-05, -5.115812571024674e-11, 3.3608475942348846e-11, 5.2453607519694655e-11, 6.65328e-26, 1.602e-19
0.047698250621875916, -0.06365733829012987, -0.001344864884832249, -2.0390474521263803e-08, 2.7212807966427765e-08, 2.300866514241894e-09, 6.65328e-26, 1.602e-19
0.00017444726217216884, 9.485530345594809e-05, -2.6603930381288307e-08, -8.974366364535734e-11, -4.6315014861991163e-11, -3.5720239829643734e-13, 6.65328e-26, 1.602e-19
-2.5664884393110473e-05, 0.00013947707528542025, -9.023110802954175e-06, 3.0759859045769256e-11, -9.566096500787528e-11, 2.1224560672269692e-11, 6.65328e-26, 1.602e-19
0.001056890321429177, 0.0013308684744262845, 2.6598244092988722e-08, -4.521160282774428e-10, -5.693275653641233e-10, -4.567148108457951e-14, 6.65328e-26, 1.602e-19
0.0001566595670293238, -0.00013285290212090031, 1.0073215033293865e-05, -1.3226801058664407e-10, 6.556058223034354e-11, -4.3339435194336565e-11, 6.65328e-26, 1.602e-19
0.0007599168255830004, -0.0013754752116544732, -4.865691079045563e-06, -3.2483464456161916e-10, 5.883501077880996e-10, 8.338615098695871e-12, 6.65328e-26, 1.602e-19
0.00010632403171360611, 0.00015500407468473746, -4.366316750515436e-06, -6.524730222484969e-11, -7.094141076952012e-11, 1.0360259392598381e-11, 6.65328e-26, 1.602e-19
