-8.573897586358931e-07, -1.463918266054141e-05, 4.069689724513171e-05, 5.686855494321564e-09, 8.384236194101569e-09, -2.7090465320825772e-09, 6.65328e-26, 1.602e-19
1.6710430833678487e-05, 3.3471276775896776e-05, 7.320654438891426e-06, -1.0331584542413507e-08, -6.649533200038155e-10, -2.382977035522972e-09, 6.65328e-26, 1.602e-19
-0.00035958112132217283, 0.00037819795377354553, 0.00035373935192503224, -6.4321735723028896e-09, 6.598359632825278e-09, 6.081136758664328e-10, 6.65328e-26, 1.602e-19
0.00016373153892279313, -0.0003429529832841782, 3.4464276694684224e-06, -7.888058739926387e-09, 1.652887249456581e-08, -5.0045133025430174e-09, 6.65328e-26, 1.602e-19
1.0128628010235368e-05, -6.474609261705924e-06, 2.7939903163712625e-05, -8.617760595797068e-10, -2.155213653531214e-09, 1.9725066628005613e-09, 6.65328e-26, 1.602e-19
-0.00017030926654321125, -9.428111467171193e-05, 6.36635378584315e-05, 6.5066650811412e-09, 2.7707949960724853e-09, -8.151082319376358e-09, 6.65328e-26, 1.602e-19
6.859714310482406e-05, 8.309955747467298e-06, -8.289203824705452e-05, 8.769961657544424e-10, -1.215185098536262e-09, -2.871171171687348e-09, 6.65328e-26, 1.602e-19
-9.811957844824994e-06, -2.6713801422555318e-06, 5.7287041878301515e-06, -4.12472872262129e-09, -1.040972857401503e-08, -7.065130988462299e-09, 6.65328e-26, 1.602e-19
-3.124263046314788e-05, -1.9364594031930782e-05, -3.0401029265649555e-05, -6.840517012287423e-11, 2.319143585362223e-09, 4.12399595697825e-09, 6.65328e-26, 1.602e-19
4.412661266534435e-05, -8.074870724549687e-06, -1.4852952503067657e-05, 2.856313179302889e-11, -8.821665519304214e-10, 4.993487240043369e-09, 6.65328e-26, 1.602e-19
-7.410908087544144e-05, 1.9306402131896143e-05, 2.6894166508745917e-06, -1.2115953873200249e-08, 2.413789803764642e-09, 8.745453057791324e-10, 6.65328e-26, 1.602e-19
-1.589985081568054e-05, 3.0045416872491297e-05, 5.31787234452416e-07, -6.577016782030554e-09, 7.59115798870123e-09, -4.453417651151577e-09, 6.65328e-26, 1.602e-19
1.5005277818656795e-05, -5.287858065075734e-06, -2.973877871556382e-05, -3.229010812964983e-09, -2.611716839928268e-09, 4.030385193901706e-09, 6.65328e-26, 1.602e-19
-2.2031460874551047e-05, -4.615750009561512e-05, 2.4140400909966364e-06, 6.5114715849841425e-09, 6.824601880637876e-09, -1.5070294009639172e-09, 6.65328e-26, 1.602e-19
1.7653660806014358e-05, 4.510528188177101e-05, 1.8090339687423248e-06, 2.688086502771903e-09, -8.617706460584143e-09, 1.2022032878718837e-09, 6.65328e-26, 1.602e-19
8.227915434638527e-06, -2.300989633594856e-06, 3.479097062249078e-06, 9.136834955455242e-09, -1.0898030364470208e-10, 3.779769940271676e-09, 6.65328e-26, 1.602e-19
-7.289423867924801e-05, -0.00014788331227672067, 0.0001965919668884685, 1.4282883356912477e-09, 4.3947970169599956e-09, 1.153519691216922e-08, 6.65328e-26, 1.602e-19
1.2112824797417927e-05, 2.15639749500216e-05, 1.422088453866352e-06, -2.037460859902806e-09, 1.0568053827469358e-08, -3.363476166928554e-09, 6.65328e-26, 1.602e-19
2.8848188199801953e-05, 1.309491032404388e-06, 1.5660260012539446e-05, 2.3132427803200065e-11, 3.2193752672937516e-09, 5.798190211162291e-09, 6.65328e-26, 1.602e-19
2.231625056234895e-05, 4.6658969405627555e-05, -3.0363531836033096e-05, 1.2930056968335688e-10, -5.05857827847953e-10, 6.06508801359457e-09, 6.65328e-26, 1.602e-19
9.541187068053465e-05, 0.00021350132107841806, -0.00016659691837136263, -2.592769756630643e-09, -5.035091216644873e-09, -1.0223424782321755e-08, 6.65328e-26, 1.602e-19
5.1278377504117964e-05, 3.928078879507689e-05, 8.352079236367654e-05, -1.942238700992204e-09, -4.615602956180627e-09, -3.5599697118489098e-09, 6.65328e-26, 1.602e-19
1.2337967668955027e-05, 3.8113015552431846e-05, -3.3752833372625945e-05, 1.718269198023083e-09, 4.149689677766738e-09, 3.949754528917174e-09, 6.65328e-26, 1.602e-19
9.436356887834107e-05, 6.799491127375917e-05, -1.930297348999179e-05, 2.233103292630807e-09, 3.53493366786556e-10, -4.47279126605026e-10, 6.65328e-26, 1.602e-19
-1.819447076692886e-05, -4.4466567597274544e-05, 1.2658597331441639e-05, 3.912250437647932e-09, 5.704385592656396e-09, 1.6687848537220584e-09, 6.65328e-26, 1.602e-19
-2.9997922194927035e-05, 8.420348123008679e-06, 4.039646832253393e-05, 5.5316865704069466e-09, -2.2068398754848442e-09, -1.1119690524599174e-08, 6.65328e-26, 1.602e-19
-0.0001265520757673705, -0.00011133666292535229, 0.00010949962278330456, 4.2922505334135405e-10, 7.161962120180409e-10, -1.6614207686157136e-10, 6.65328e-26, 1.602e-19
7.610104155347673e-05, -4.108380598180482e-05, -5.4416336029029425e-06, -8.82771378922532e-10, 9.971315017132897e-10, -1.2160866132141768e-09, 6.65328e-26, 1.602e-19
1.430322751821317e-05, 3.288839638773436e-05, 3.378568055185267e-05, -5.176911286148422e-09, -5.222025257775792e-09, -3.108899322750643e-09, 6.65328e-26, 1.602e-19
-1.0072174072604709e-05, 3.7805958389538664e-05, 3.84700781430199e-05, 2.049174930298121e-09, 2.05351630098865e-09, -2.537792200132559e-09, 6.65328e-26, 1.602e-19
-0.0006504355666825168, -0.0002763511970100618, 0.00025643676177916375, -2.130220334356344e-08, -8.999535672120912e-09, 4.632731360401253e-09, 6.65328e-26, 1.602e-19
4.699997690425102e-05, 1.2760686072049081e-05, -2.326774746098668e-05, 2.3578592474013858e-09, 3.431725914021605e-09, -5.671353740371058e-09, 6.65328e-26, 1.602e-19
-2.4446515271518036e-05, -0.0002512507273236405, 4.3883885039046695e-05, -1.7491721287907701e-10, 4.815866799851424e-09, -6.071674306211378e-09, 6.65328e-26, 1.602e-19
-0.0001851295294363793, -1.4218405127323583e-06, 9.530552015393419e-05, 3.126702573606419e-09, -9.452541055761683e-10, -4.825180582627257e-09, 6.65328e-26, 1.602e-19
8.327252876295561e-07, 1.3809797168897742e-05, -6.737463360316832e-06, -4.802508043279856e-10, -8.988254617527597e-09, -1.3937606383321288e-09, 6.65328e-26, 1.602e-19
-7.485655766947568e-06, -1.149640770753985e-05, -1.2609440492984704e-05, -2.237055580397596e-09, 9.373632234242019e-10, -7.45807846972727e-09, 6.65328e-26, 1.602e-19
-1.230261653113628e-05, 4.022218205751e-05, -6.968204985862759e-06, -5.663457884289193e-09, 2.926381962069842e-09, -5.827380291263651e-09, 6.65328e-26, 1.602e-19
0.0003698356430491859, 0.0002764416039334514, -5.60902840948273e-05, -3.560575359152345e-10, -2.568832596960899e-11, -2.6111905268767427e-09, 6.65328e-26, 1.602e-19
-1.914672514194517e-05, 6.000888502551652e-05, -1.797428609229888e-05, 4.3557761403995235e-10, 2.908432028245895e-09, 3.288361695849282e-09, 6.65328e-26, 1.602e-19
1.657035454866757e-05, -2.1987838254120933e-05, 6.123696665264083e-05, -2.12199821979975e-09, -4.962105494708765e-09, 6.166347369946008e-09, 6.65328e-26, 1.602e-19
-2.336155289271427e-05, -7.435067802185903e-06, 5.692080902382965e-07, -1.4627618482748203e-09, -1.6923080228432745e-09, 7.652186711791539e-09, 6.65328e-26, 1.602e-19
-1.3314383470168927e-05, 6.0135699739460025e-06, 6.0158607279734246e-05, -3.345449094309019e-09, 3.799926072850107e-09, 1.4161635377726444e-09, 6.65328e-26, 1.602e-19
1.7641826329463777e-05, 2.6826016982541784e-05, -6.592408859350993e-07, -1.440755792520738e-10, -8.005815574410069e-09, -6.557829442071668e-09, 6.65328e-26, 1.602e-19
-5.795427127277309e-06, -3.4044707246818754e-06, 1.3299385430957596e-05, 8.185230344025815e-09, -4.015995828901265e-08, 9.076792785085923e-09, 6.65328e-26, 1.602e-19
-1.0505522328678118e-05, -1.3946103141867192e-05, 6.633801882368447e-06, 5.963269516098938e-09, 5.487676947804581e-09, 5.23385032502073e-10, 6.65328e-26, 1.602e-19
2.7868959061103545e-05, 2.566880288644852e-05, -8.265442937633228e-06, -3.803356803107565e-09, 6.2321591527189644e-09, 3.4374077111847852e-09, 6.65328e-26, 1.602e-19
-2.8216580582928076e-06, 2.9301416969725853e-05, -2.8626190276634542e-06, -2.4311708840137746e-09, -1.7076122539887844e-09, 8.770451970667132e-09, 6.65328e-26, 1.602e-19
-1.4493722277999803e-05, 1.2081997731408085e-05, 5.1064547898428807e-05, -7.382514909957776e-09, -3.805011641298619e-09, 6.55911450410235e-09, 6.65328e-26, 1.602e-19
-3.798742962041039e-05, -1.2194723446071997e-05, -2.510766962969397e-05, -3.780501972959323e-09, -1.1291233922583515e-10, -1.1372210531676384e-09, 6.65328e-26, 1.602e-19
-4.410751086310054e-06, -2.248053422860498e-05, -4.678771629928417e-06, 2.9862569746297025e-09, -5.529280848623974e-10, 1.016237216450309e-08, 6.65328e-26, 1.602e-19
-0.00011682090612745311, -0.00016193597155013506, -0.0001398339223790851, 2.0914654243002654e-09, 2.3974529882084084e-09, 9.412244665373269e-09, 6.65328e-26, 1.602e-19
2.6025052070637707e-05, 5.5178998023243766e-05, -6.58527332208786e-05, -2.206651105281202e-09, -2.2604179873210195e-09, -4.6437861464660656e-10, 6.65328e-26, 1.602e-19
2.794650479380757e-05, 4.030959711587068e-05, -4.452624446654587e-06, 1.4287765362068452e-09, 4.232557314815609e-09, 4.3974697577511005e-09, 6.65328e-26, 1.602e-19
8.32985305995447e-05, -1.1826649243922533e-05, 3.659472069637975e-07, -2.5986745546669177e-09, -3.28104417174019e-09, 2.374308155192485e-10, 6.65328e-26, 1.602e-19
0.0002290400437072639, 0.0002866625120413753, -9.728321924364053e-05, 2.3029109142739653e-09, 2.7335566797419125e-09, 2.5878182279646837e-10, 6.65328e-26, 1.602e-19
-2.4431577644259608e-05, -1.0931753178461907e-06, 2.7750115116201148e-05, -5.705380582969519e-09, 3.387072197440483e-09, 4.914421101700766e-09, 6.65328e-26, 1.602e-19
5.763094170468404e-05, 9.551922079701581e-05, 3.41891627672384e-05, -1.8148377901504768e-10, 3.1609839613348216e-09, -1.9674579240155226e-10, 6.65328e-26, 1.602e-19
3.9408472881353046e-05, 1.669863387366618e-05, 4.731132201744408e-05, 8.895075308698043e-09, 4.1857990191163556e-09, 6.749616803210211e-09, 6.65328e-26, 1.602e-19
-5.396345314028029e-05, -3.901468934289349e-06, 3.585988304451066e-05, -7.741444938125924e-10, -5.910383984927736e-09, 7.524866208718682e-09, 6.65328e-26, 1.602e-19
6.185540300893902e-05, -7.259456805976188e-05, -2.0385211983644484e-05, -4.5123714070675174e-09, 6.108357632125453e-09, 5.219399827172517e-09, 6.65328e-26, 1.602e-19
-2.3894132165137875e-05, 1.8682827490082574e-05, -3.3119711687511906e-06, 5.1963155317684855e-09, 7.336695044441952e-10, 9.188745424550724e-10, 6.65328e-26, 1.602e-19
1.2539077553353237e-05, 1.218674568072265e-06, -2.398850568738689e-05, 6.36360640241186e-09, -2.5090547824723878e-09, 2.5674471930093066e-09, 6.65328e-26, 1.602e-19
7.826809167460332e-05, 6.691231364437792e-05, -7.89608658853538e-08, -7.734191584724929e-09, -4.974194821542432e-09, -3.3922356177196903e-09, 6.65328e-26, 1.602e-19
-2.263893859819643e-05, 0.00023643822955687462, 0.00011755357107347527, 4.827463189688571e-11, -1.45812147811594e-10, -3.957348540665743e-09, 6.65328e-26, 1.602e-19
-2.613037978463282e-06, 6.527838094602678e-06, -6.0697491635519184e-06, 4.361186310793086e-09, -3.6995929509328084e-09, -4.370608930919232e-09, 6.65328e-26, 1.602e-19
1.4945272814558945e-05, 7.095406161990705e-07, -2.0185933296956795e-05, 4.252475036223974e-09, -1.112750709886218e-08, 5.572924578018949e-09, 6.65328e-26, 1.602e-19
7.047562384345837e-05, 2.0677406294438542e-05, -9.435507978119643e-06, -9.356123364486532e-11, -8.440105367855044e-10, 4.717549606930171e-09, 6.65328e-26, 1.602e-19
2.5129333876874345e-05, 1.82608751616681e-05, -2.567188901506998e-05, 2.8521563737038385e-09, 4.586302868719986e-09, 1.8855643182026102e-09, 6.65328e-26, 1.602e-19
6.058150610243059e-06, -1.7395145556188812e-06, -3.764480383952956e-05, 3.687069238004669e-09, -2.016994470983213e-09, 1.6450465372632081e-09, 6.65328e-26, 1.602e-19
4.983479786789737e-06, -3.902693843557749e-06, 2.4932887306305028e-05, -5.693225108402479e-10, 1.0844873784463877e-08, 1.5256351185276329e-09, 6.65328e-26, 1.602e-19
-0.0001363910204986116, 0.00031977990951892764, 1.6008137878487475e-06, 6.966710283003781e-09, -1.6289497624189085e-08, 3.157303027340064e-09, 6.65328e-26, 1.602e-19
1.7930233813624552e-05, 1.2665098739644782e-05, -2.2186726617150774e-05, -6.865538908985044e-11, -5.305958852875935e-09, 4.005362103975462e-09, 6.65328e-26, 1.602e-19
-4.110136761924791e-05, 2.358609788800664e-05, 7.442965312202028e-05, 1.7292404838925643e-09, -2.616309642819806e-09, 7.254555748066835e-10, 6.65328e-26, 1.602e-19
0.0005883634463051362, 0.00040182259188112444, -0.00036363067454000576, 1.984512062315726e-08, 1.3574404506589013e-08, -8.511116446329296e-09, 6.65328e-26, 1.602e-19
1.0566263483379022e-05, 2.0330675122611482e-05, -1.2928710729058969e-05, -7.74929274294949e-09, 1.7505502106476616e-09, 2.9851705856202597e-09, 6.65328e-26, 1.602e-19
-5.680026721565222e-06, 1.6462889773695318e-05, -1.557779476039883e-05, 6.436422286677051e-09, 3.971476486579407e-09, -4.86954500898875e-09, 6.65328e-26, 1.602e-19
-3.120765074473584e-06, 2.8979684060565013e-05, 1.833028595745093e-05, 3.562752652516612e-09, 5.931168127011124e-09, 2.810943195664116e-11, 6.65328e-26, 1.602e-19
2.0916794532510162e-05, 3.312593746300726e-05, -6.876454765635951e-06, -4.1686511215836465e-09, -2.484669784247332e-09, -8.234693474470825e-10, 6.65328e-26, 1.602e-19
4.2704996146500793e-05, 2.0629951955564505e-05, 2.195713711055113e-06, -7.576759429298906e-09, -9.893489672694485e-10, 4.593163628827126e-09, 6.65328e-26, 1.602e-19
6.137076661810279e-06, 8.997731974664981e-05, -7.487639572800774e-07, 3.1195767101884017e-09, 4.012845841091676e-10, -2.211663431949202e-09, 6.65328e-26, 1.602e-19
2.3745565946980453e-05, -3.273720340641569e-05, -9.956229626662604e-06, -4.671861719608774e-09, 3.5419200212942703e-09, 7.782558270534464e-09, 6.65328e-26, 1.602e-19
-7.083303822210185e-06, -6.642127406126203e-06, 2.0434968714306902e-05, 5.607812027751665e-09, 4.111140243869038e-09, -7.584821611523821e-09, 6.65328e-26, 1.602e-19
2.2766881477905075e-06, 3.116856502425021e-05, 3.612902987844591e-05, -1.3936756103574758e-09, 7.6119035285791e-09, -1.7232407144724953e-09, 6.65328e-26, 1.602e-19
3.48821398502351e-05, -1.2697003202782175e-06, 2.0806181300345725e-05, -4.2251711743206235e-09, -2.301700683131387e-09, -7.736571601414918e-09, 6.65328e-26, 1.602e-19
8.038687486427299e-06, -1.2254493214920978e-05, 1.4458831039817178e-05, -7.649124843073827e-09, 5.777906347855783e-09, 6.722534771911541e-09, 6.65328e-26, 1.602e-19
4.59687907067166e-05, 0.00010582161309963123, -0.00020736555501586613, 3.182592360252292e-09, 5.5096943989223735e-09, 7.240969565916554e-09, 6.65328e-26, 1.602e-19
1.829533748334718e-05, -5.839377597418289e-07, -0.00011566940881731044, -1.2534612692847839e-08, 1.2077690169382323e-08, 2.2723120649114964e-10, 6.65328e-26, 1.602e-19
3.374043433442648e-05, -2.396235797862678e-05, 4.5704860850375645e-05, 8.767427635763746e-11, 3.19695386084102e-09, 4.128621619724659e-09, 6.65328e-26, 1.602e-19
-8.569785147645272e-06, -6.466110150258109e-06, 2.624423180653574e-05, 6.88090076971005e-09, -5.680664642595568e-09, 3.19362044808751e-10, 6.65328e-26, 1.602e-19
0.0003206921450862237, -0.0006414403732678, -9.367562205260754e-05, 5.916441418642902e-09, -1.1800596533950313e-08, 1.53645298879422e-10, 6.65328e-26, 1.602e-19
1.752900822328796e-05, 6.5992506985929715e-06, 3.0324991258087907e-05, -1.2879266491646389e-08, -4.921288116666095e-09, 2.3767736087955477e-10, 6.65328e-26, 1.602e-19
1.4737715555659103e-05, -5.6060824419922836e-06, 2.687023989782556e-06, -7.707400126279876e-09, -5.563860255726831e-10, -8.067974602650467e-09, 6.65328e-26, 1.602e-19
-1.8341596925135544e-05, -3.909994117730259e-05, 1.528385755837732e-05, 3.199557065344768e-09, 2.227091698726959e-09, -7.002756925200494e-09, 6.65328e-26, 1.602e-19
5.1587843958210276e-05, 2.917327429511036e-05, 3.3034563262605444e-05, -1.4648992535881974e-09, -2.49501194807789e-09, 1.512702608321139e-09, 6.65328e-26, 1.602e-19
3.936783364268005e-06, 8.903131962836963e-06, 3.0259360751819742e-06, -5.662323982863037e-09, 2.4225220400456844e-09, 9.045759114866743e-09, 6.65328e-26, 1.602e-19
-7.652452156530839e-05, 7.660931503902408e-05, -0.00010738407883106479, -5.969052462206468e-09, 1.6600229762104017e-08, -1.3616701109756198e-08, 6.65328e-26, 1.602e-19
-5.355620004284578e-05, -7.685830707159226e-05, -1.1894274340391111e-05, -2.3933921722266433e-09, 1.3499485342323208e-09, -2.7963449607445064e-09, 6.65328e-26, 1.602e-19
3.372399899654228e-05, -6.576098101500151e-05, -4.0812376002117545e-05, 3.24719538249993e-09, 6.820527485167857e-10, -2.285839173926708e-09, 6.65328e-26, 1.602e-19
9.525846931555331e-05, -0.00010519168412705414, 0.00013968095402572893, 1.3820672516520722e-08, -5.15905077074845e-09, 1.4676414099386131e-08, 6.65328e-26, 1.602e-19
1.385807984424205e-05, 2.7994761045191744e-05, 1.7589031030771994e-05, 4.50126741492648e-09, 9.681431836899886e-10, 7.868776348848598e-12, 6.65328e-26, 1.602e-19
-5.2088981986249124e-05, 1.4819331837995233e-05, -1.0478315338485779e-05, -1.1737419158015368e-09, 3.206300769810736e-09, -1.650296257647645e-09, 6.65328e-26, 1.602e-19
7.218955206913298e-06, 4.179938220490534e-05, -2.5190139424653683e-07, -4.214801300995688e-09, -8.583842314162323e-09, 2.0514692660365434e-09, 6.65328e-26, 1.602e-19
1.8531661318243214e-06, -1.1529825976455546e-06, 4.160598409768023e-05, -1.6680067435779857e-09, 6.94564659338077e-10, -5.291765016674252e-09, 6.65328e-26, 1.602e-19
4.876281337050218e-06, -9.606745117308063e-06, -2.3118426080723134e-05, 3.34981754505062e-09, 8.53476563970454e-09, -5.9609406610055716e-09, 6.65328e-26, 1.602e-19
-1.3350272812363552e-05, 4.397886250043506e-06, -2.811744123402316e-05, -1.475770305680853e-09, 5.6930573337257196e-09, -1.5013977577509726e-09, 6.65328e-26, 1.602e-19
0.0001158690996834233, -4.304528980351661e-05, -0.00012670608793322163, 1.3319583241756183e-09, -1.788601836722061e-10, 9.043437787478566e-10, 6.65328e-26, 1.602e-19
5.137659308751156e-05, 1.1937557337858504e-06, -5.8980571061380544e-05, -2.5209741939181115e-09, -7.826046680700663e-10, 4.323113837261449e-09, 6.65328e-26, 1.602e-19
-1.058417979583934e-05, -2.288970685378318e-05, 1.694657716115427e-05, -3.0479588142011306e-10, 1.2150672160939924e-09, -5.499156115846383e-09, 6.65328e-26, 1.602e-19
-1.901752549101761e-05, -2.4037301250910953e-05, 1.2493718267776073e-05, -1.6650106806708008e-09, -1.150435043767666e-09, 1.0504852372829367e-09, 6.65328e-26, 1.602e-19
2.2582923803010195e-05, -6.857397061809122e-06, -2.4633198907605084e-05, -1.260484168446803e-09, 4.7498824619420835e-09, -6.974551584679287e-09, 6.65328e-26, 1.602e-19
2.8646463411550923e-05, -1.132011049126045e-06, -4.3944663553344905e-05, 2.994663326072886e-09, 2.7378580550910213e-09, -1.6298682334462913e-09, 6.65328e-26, 1.602e-19
0.0001807305053691208, 0.00010306936159852844, -5.026286341918159e-05, -2.4512021360946053e-09, -1.7103893058488472e-09, 1.0449044381103945e-09, 6.65328e-26, 1.602e-19
-1.8483691862175033e-05, -3.570189380526928e-05, 3.385809239629243e-05, 4.433715725769648e-09, -2.885272383199181e-10, -2.926165756479627e-09, 6.65328e-26, 1.602e-19
-1.8178636348931957e-05, 3.6526783008984722e-06, -1.3378185694683537e-05, 7.18314414976611e-09, 7.087815536154307e-09, -4.387043886764989e-09, 6.65328e-26, 1.602e-19
-5.9856451669963704e-06, 6.759566544673883e-06, 5.483154752885314e-05, -1.199517194533696e-09, -2.1035285835526956e-09, 6.302838458696825e-09, 6.65328e-26, 1.602e-19
3.302581758123693e-07, 3.8007114499942714e-05, -5.723320113796445e-05, 1.4138877916335707e-09, -3.2649579755345713e-09, 5.5084440733022045e-09, 6.65328e-26, 1.602e-19
0.00011679698879605497, -5.4492159047357945e-05, -0.00012308972468596908, -1.0806809571912676e-08, 4.90628432577241e-09, 4.588084657593194e-09, 6.65328e-26, 1.602e-19
-1.4791066732765668e-05, -5.1415450751647e-06, 2.7363361326399108e-05, -3.493003623927037e-09, -5.458077528248299e-09, 1.1268997324582922e-08, 6.65328e-26, 1.602e-19
3.6130687758556105e-06, 3.202773689067411e-05, -1.8912406581648277e-05, 1.6122944613096366e-09, -9.14318206277406e-09, 5.7512286759284765e-09, 6.65328e-26, 1.602e-19
-2.8590025344560668e-05, 1.2815601744658095e-05, 4.840757810730938e-06, 5.1191702966103924e-09, 1.6869765628183163e-09, 7.978040266212504e-09, 6.65328e-26, 1.602e-19
-0.0001604477913851462, -0.00010351129064589314, 0.0001405465020025154, 1.4379551600581599e-08, 9.650265718139354e-09, 9.654687307439969e-09, 6.65328e-26, 1.602e-19
-1.7454409728112543e-07, -1.4318351504472064e-05, 3.2185251866904304e-05, 5.4940884002130365e-09, 2.1683477369597193e-09, 5.390969343415102e-09, 6.65328e-26, 1.602e-19
-4.591113104342055e-05, -8.1770093237505e-05, -6.725808272690084e-06, 5.162649727455173e-09, 6.63549137132623e-10, 2.2825659880798127e-09, 6.65328e-26, 1.602e-19
2.9815870230589604e-05, -1.5696014277729817e-06, -1.936675365207668e-05, -5.771105842315172e-09, -1.684566259294968e-09, 3.583454559530582e-10, 6.65328e-26, 1.602e-19
0.00011215840450068194, -0.00038463501149679536, 0.0004370730858231404, 5.689131277873827e-09, -1.8141109384994648e-08, 1.675028352415487e-08, 6.65328e-26, 1.602e-19
-6.319355831362843e-05, 8.530978121744932e-07, 4.920015225951835e-05, 3.1893602233820007e-09, -1.662355392121803e-09, 1.0452437865380032e-09, 6.65328e-26, 1.602e-19
-8.12288761797853e-05, 8.444401174246359e-05, -5.753174919210219e-05, 1.5840443007220993e-09, -1.2872951173310201e-09, -4.139361082758322e-09, 6.65328e-26, 1.602e-19
2.9550375048967502e-05, -2.8926447377716067e-05, 2.0333239323361604e-05, 5.5047963506992025e-09, -1.364404393827971e-08, -6.9422438879903105e-09, 6.65328e-26, 1.602e-19
-2.7128256290645833e-05, -8.949815907739051e-06, 1.0070889739253213e-05, -6.1231757653104285e-09, -1.3290480004075335e-09, -4.539877391679894e-09, 6.65328e-26, 1.602e-19
0.00017138102530098707, 0.00032780243734596394, 1.0943197233352685e-05, 2.4579493492078203e-09, 4.20788636520732e-09, 6.629503736481381e-09, 6.65328e-26, 1.602e-19
-2.4442824219469453e-05, 3.802091319575854e-05, -2.152042073255917e-05, -4.722404127584527e-09, 7.728518854533787e-09, 3.472518580610325e-09, 6.65328e-26, 1.602e-19
-3.1778815721225985e-05, 4.823898659199946e-05, 2.6685395957354205e-05, 3.654026569085894e-09, -7.000812607166845e-10, -2.4379723063037233e-09, 6.65328e-26, 1.602e-19
-2.580004329795911e-06, -2.0886837983561837e-05, -0.0001426635585798815, 2.3458809340956752e-08, 2.2529517918089597e-08, 3.4918700260409013e-10, 6.65328e-26, 1.602e-19
-2.542000243729159e-05, 3.926172921303313e-05, -1.9191209111396672e-05, 4.894723332223515e-09, 1.9872346911310805e-09, -3.015923898930224e-09, 6.65328e-26, 1.602e-19
-1.0481969124841368e-05, -2.1869320302171346e-05, -6.694509229850089e-07, -4.217306323744541e-09, 3.5394578656831796e-09, 6.329169567316827e-10, 6.65328e-26, 1.602e-19
-1.1521499917349086e-05, -3.0593058670510904e-06, 8.908955069516295e-06, 2.9033064029039673e-09, 5.254620426416971e-09, 2.8970196433338953e-09, 6.65328e-26, 1.602e-19
1.868649101594735e-05, 5.852210535925857e-06, -2.9822141830591678e-05, -4.715171224932535e-10, -3.1681594906752374e-09, -5.8884745111336395e-09, 6.65328e-26, 1.602e-19
2.512956081059402e-05, 2.1540484576800324e-05, 1.3203701359667214e-05, 4.406623024289856e-09, -2.8944453081928656e-09, 4.67942354593969e-09, 6.65328e-26, 1.602e-19
1.1935541104619186e-05, 2.0274420736668224e-06, 2.058578791876317e-06, 8.30716988674481e-09, 2.3198099887284433e-09, -9.481677520888782e-09, 6.65328e-26, 1.602e-19
2.788194015523135e-05, -2.6007857522509727e-05, -3.7032843970242215e-07, 3.4402090537227517e-09, -4.2877736115351535e-09, -9.691437853735103e-10, 6.65328e-26, 1.602e-19
8.505841021164016e-06, -6.345619019453097e-05, 6.942584043443914e-05, 7.111725295976311e-10, 6.67447635404417e-10, 3.761361812171155e-10, 6.65328e-26, 1.602e-19
-0.00019328820171479264, 0.0003752210466913236, -0.0002651738793233257, -8.543606583621479e-09, 1.711110133913378e-08, -9.242506744102842e-09, 6.65328e-26, 1.602e-19
-0.0002580723690267004, 0.0006009762203741112, 0.00025707506499442125, -1.2628652063779864e-08, 2.9817914711613206e-08, 1.1387799582360037e-08, 6.65328e-26, 1.602e-19
3.5617038627097995e-05, -8.448630056936985e-06, -2.3822606875575302e-05, -3.5351508672669395e-09, 2.9569314315833267e-09, -2.323147599253053e-09, 6.65328e-26, 1.602e-19
6.194819184138627e-05, 2.488477846089018e-05, 2.3130181038243045e-05, -2.1711289760645825e-09, 2.4720390814019966e-10, 2.0907848306921383e-09, 6.65328e-26, 1.602e-19
-2.660287896714408e-05, -6.33146678887695e-05, 1.614628603488443e-05, -2.16122828335148e-09, 2.284498186747532e-09, -3.6888302131718847e-09, 6.65328e-26, 1.602e-19
-6.738789474918261e-06, -2.0508291089037867e-05, -9.153499308169928e-06, -8.405048940748036e-09, 7.967303316789072e-10, 4.165385883035047e-09, 6.65328e-26, 1.602e-19
1.4903029255854487e-06, 1.0400412597826468e-05, 4.9558424631922126e-06, -5.640665253279166e-09, -7.2473996617477674e-09, -4.979834991935546e-10, 6.65328e-26, 1.602e-19
1.4382971857022527e-06, 2.0399121657358524e-06, -3.538176198593609e-05, 1.1684696295052736e-10, 8.915795221717759e-09, 5.920325271084993e-09, 6.65328e-26, 1.602e-19
-0.0001551416694801335, -0.00034196344573469485, -0.0002464602026785427, -7.598643670331329e-10, -1.4172473446180691e-09, 4.474476348861225e-09, 6.65328e-26, 1.602e-19
0.00020513151589102272, 0.0002329814794371262, -6.530170863082514e-05, 2.163402826665758e-09, 3.286490474155977e-09, -1.2440654269367266e-09, 6.65328e-26, 1.602e-19
-6.419858021455038e-05, -9.61509303578834e-05, 6.0887231179169376e-05, -2.821799271479287e-09, -3.0160953202154224e-09, -1.8399104873291135e-10, 6.65328e-26, 1.602e-19
-6.218995816180292e-06, 2.4342526444448203e-05, 8.546395076739806e-06, -6.620640622776611e-09, 3.735523296728423e-09, 3.6217593309390727e-09, 6.65328e-26, 1.602e-19
-1.553049671711811e-05, 7.048279749706609e-05, -9.462860823676213e-06, -2.616847929278859e-10, 1.995245900174618e-08, -8.342982803952466e-09, 6.65328e-26, 1.602e-19
4.566618797835342e-05, -2.946701090557585e-05, 1.6108594706998113e-06, 4.418515318877721e-09, -2.839258524660002e-10, -2.8197679878852603e-09, 6.65328e-26, 1.602e-19
-4.967252470264636e-05, 3.084311049673666e-06, 5.976882722665375e-05, 3.641673059010605e-09, 6.492987445877307e-10, -6.8949748383145354e-09, 6.65328e-26, 1.602e-19
-3.807369583442657e-05, 5.882382499775257e-05, -4.089490413572967e-05, 5.015252518765497e-09, -1.1307001142855725e-08, -4.5265893871318155e-09, 6.65328e-26, 1.602e-19
-4.466429454539833e-06, 1.6630652908972341e-06, 1.413087356246056e-05, 1.523071657482505e-08, -7.168535932915596e-09, -7.972758317356875e-09, 6.65328e-26, 1.602e-19
-0.0001248808661812656, -1.6583258253413595e-05, -1.820247135156345e-05, 7.88031066776719e-09, 1.211952939229204e-09, 4.28109324227162e-09, 6.65328e-26, 1.602e-19
-2.1289440848995173e-05, -3.007706784985633e-05, -5.830654859612102e-05, 1.6203978866752931e-09, 1.4315609281210367e-09, 3.5398065449989344e-09, 6.65328e-26, 1.602e-19
3.403020770947077e-05, -2.1094455131886506e-05, 9.88607306229309e-06, -7.74587789174642e-09, -7.882404727490546e-09, -1.1240409569433066e-09, 6.65328e-26, 1.602e-19
7.005276509854314e-05, -0.0007500543479697766, -0.0003451570392402833, 3.193586090048285e-09, -3.62825237862226e-08, -1.2550001057614379e-08, 6.65328e-26, 1.602e-19
1.442153661124481e-06, -4.316560831151662e-05, -2.0599858849381096e-05, -6.589317406644803e-11, 2.1522722909234054e-09, 4.530025301623418e-09, 6.65328e-26, 1.602e-19
-2.8613404041294774e-05, 2.487553790274113e-05, 3.6945176214164635e-06, 5.135366540062086e-10, 1.2106754508402643e-09, 4.215174345134689e-09, 6.65328e-26, 1.602e-19
-3.1519117589332065e-05, 5.24151860094201e-07, 3.8748427741250015e-05, -3.45854265197364e-09, -3.622172764972581e-09, 1.4152980740791266e-09, 6.65328e-26, 1.602e-19
-1.2135513963920392e-05, -1.0002288569330349e-05, -1.6736225193203932e-05, 7.883989540516103e-09, 4.48047752679145e-09, 4.363199210294313e-09, 6.65328e-26, 1.602e-19
-2.8803405999080518e-05, 0.00012483245747879, 3.3872752752123913e-06, 6.876825237056879e-10, -3.5132590084766554e-10, -5.8717968961925465e-09, 6.65328e-26, 1.602e-19
0.00015260175224158194, 4.96721851079502e-05, -0.00018224885333701748, 1.0528919965009109e-08, 3.0262978769449824e-09, 8.773114983881734e-09, 6.65328e-26, 1.602e-19
-3.3688112108524955e-06, -9.352244791551885e-06, 2.625529204615215e-05, -1.22216219210214e-09, 3.894218849212026e-09, -6.55509889291529e-09, 6.65328e-26, 1.602e-19
2.8381272199056157e-05, 1.911385151535213e-05, -1.667701873808526e-05, 1.2008846358324454e-09, -1.3727992678212037e-09, -4.928016141367433e-09, 6.65328e-26, 1.602e-19
-2.733284472128712e-05, 1.9258740155127618e-05, 2.4066313248655123e-05, 2.3093308976370877e-09, -3.350982640647522e-09, -4.839475887959128e-09, 6.65328e-26, 1.602e-19
-5.326254370972105e-07, 1.572357358667666e-05, 6.068564784415387e-05, -1.0188493278662808e-09, -5.430615663172919e-09, 2.5609366337151536e-09, 6.65328e-26, 1.602e-19
-1.6066960758282587e-07, -9.920751433345292e-06, 3.1120083145820036e-05, 5.123494777720999e-10, 1.2400361730590685e-09, -1.6064143231791105e-08, 6.65328e-26, 1.602e-19
-1.8499922856654417e-05, -1.6460189416603962e-05, -3.4073377349015266e-05, -2.3441367578468594e-09, 5.0963949800985125e-09, -5.136113866362495e-09, 6.65328e-26, 1.602e-19
7.555890374340805e-07, -1.3126958981402432e-05, 1.3290256761289888e-05, 1.161545920301135e-08, -1.5120454548422718e-09, -3.5926095984910087e-09, 6.65328e-26, 1.602e-19
0.00015849388005363468, 0.00014311064400008162, -0.0001532572074713281, -1.4547830233211516e-08, -1.2247671502087845e-08, -1.0459237504107406e-08, 6.65328e-26, 1.602e-19
-0.00023625259580233572, -0.0003165768570597034, 0.00011321883296533359, -2.810613072821574e-09, -3.677344327642741e-09, -3.220611950077101e-10, 6.65328e-26, 1.602e-19
-1.3248615418636942e-05, -5.139165921030973e-06, 4.5879275044886533e-07, -8.622532094081497e-09, 1.496202958833502e-09, -5.676380725696259e-09, 6.65328e-26, 1.602e-19
2.7026779318820067e-05, 4.612858938108302e-06, -4.589796559841212e-05, 8.352193684435723e-09, -2.20810932964404e-09, -2.528533518080383e-09, 6.65328e-26, 1.602e-19
-6.890730335707211e-06, 3.249188593575978e-05, -3.2013281031917444e-05, -2.374401077733808e-09, 2.3075499436654636e-09, -7.263555372123413e-09, 6.65328e-26, 1.602e-19
5.1011473259716115e-05, 4.423129739000638e-05, 6.933063279295144e-06, 5.167334066603931e-10, -1.6523376055072372e-09, -2.5893493764612635e-09, 6.65328e-26, 1.602e-19
3.907679448980473e-06, -3.185170890226469e-05, 9.300585099687927e-06, -1.997899970394726e-09, 2.4889994149219054e-09, 6.130232752306927e-09, 6.65328e-26, 1.602e-19
-1.0857012762190325e-05, -9.008125595546718e-06, 1.2580426612792755e-05, 4.220879280732386e-09, -3.941219678619565e-09, 7.259759755570817e-12, 6.65328e-26, 1.602e-19
-2.0248747279103916e-05, 2.2172228878047717e-05, 7.690708936990636e-08, -5.484658722682536e-09, 1.7297046828180481e-09, 2.503294662601923e-10, 6.65328e-26, 1.602e-19
1.735518993066326e-08, 1.6847442899920362e-05, -5.6787900916128046e-05, -4.4471259412793614e-10, -1.054111133828529e-09, -3.1975189219213645e-09, 6.65328e-26, 1.602e-19
-0.0004160139244109183, -0.00037988655783473876, 5.080795165715935e-05, -5.998077149117227e-10, -4.460201805024557e-10, 3.6359201486980666e-09, 6.65328e-26, 1.602e-19
-0.00018541163961158905, -0.00021174595334621062, -4.562923338673738e-06, -1.3520110264594635e-09, -1.3653024397718666e-09, -8.23768070285024e-09, 6.65328e-26, 1.602e-19
-0.0001622405692887601, -6.140435202909825e-05, 0.00014694125069110548, -9.73677941172135e-09, -4.471728588585079e-09, -7.992662692802608e-09, 6.65328e-26, 1.602e-19
0.00014594615559140664, -9.505305674355162e-05, -0.00011791901941104765, 5.808937373327801e-09, -3.711088291914921e-09, 9.325230722808933e-09, 6.65328e-26, 1.602e-19
-1.6243403494225062e-05, -7.475109260197391e-06, 9.050673778799113e-07, 1.0375950665090173e-08, 4.3702344833507095e-09, -7.611515263630658e-09, 6.65328e-26, 1.602e-19
4.420459832016069e-06, 2.7082316862322475e-05, 6.49676920264377e-05, -2.013544434587471e-09, -2.4837082895709356e-09, -9.506595545982332e-09, 6.65328e-26, 1.602e-19
6.677341244709818e-06, -1.550757115742014e-06, -2.2309678934819148e-05, -3.07358744930549e-09, -5.858325968705756e-09, -4.907472415343533e-10, 6.65328e-26, 1.602e-19
1.4983613402273825e-05, -1.6753238856638007e-06, 3.724770520365432e-06, -1.7506577536153723e-09, 5.881577575788305e-09, 5.853724980755386e-10, 6.65328e-26, 1.602e-19
-9.072598861894638e-06, -4.570847896518554e-06, 3.9961346856238006e-05, -4.926315184551442e-09, 6.9028728669939e-10, -1.979370786117524e-09, 6.65328e-26, 1.602e-19
1.1884630769598085e-05, 2.1943583872838543e-05, -4.639939936516327e-05, -4.275744192667408e-09, -2.4144682972658477e-09, 3.66893552567649e-09, 6.65328e-26, 1.602e-19
1.5586747954676428e-05, 2.4922631694656517e-05, -3.684237140277965e-05, 1.573199045380148e-09, -5.2806660186646106e-09, 1.0459876963152864e-08, 6.65328e-26, 1.602e-19
8.751370297081927e-06, 1.1128651058708823e-05, 2.384866626648644e-05, 8.447870362391332e-09, 5.765527209476637e-10, 5.775682229790124e-09, 6.65328e-26, 1.602e-19
2.5032554138243836e-05, 9.01815953433271e-06, 9.950681228817152e-05, -2.5309317240140455e-08, -2.843966728307611e-08, -6.907403962815863e-10, 6.65328e-26, 1.602e-19
2.7236222347314236e-06, -1.2086475031007974e-05, 2.9171065741296686e-05, 3.5664132221392716e-09, -1.9281391498353245e-09, 7.921546745925681e-10, 6.65328e-26, 1.602e-19
-5.253505993923736e-05, -0.00012103818309823365, 0.00012573612007180354, -3.897819330414039e-09, -1.0005790355298736e-08, -7.412580302394749e-09, 6.65328e-26, 1.602e-19
