-1.6152426958282294e-05, 3.169851388109952e-05, 8.835574651575352e-06, 1.4298801273932623e-10, 1.2191526200175551e-08, 3.6941013812939117e-09, 6.65328e-26, 1.602e-19
-3.552757141234104e-05, 1.9687922621634348e-05, -6.242162500415136e-05, -7.03848482664063e-10, 2.474244847564591e-09, 1.728768957304268e-09, 6.65328e-26, 1.602e-19
1.2291451621723933e-05, -8.346333763719075e-06, -2.0075103965654062e-05, 7.490281454503746e-09, 6.498583370813717e-09, 5.117680856329336e-09, 6.65328e-26, 1.602e-19
1.4502920425597835e-05, -2.4889852396791457e-06, 1.0336394792296369e-05, 1.0803880109829855e-09, -7.162203469312775e-09, -2.058585146887263e-09, 6.65328e-26, 1.602e-19
4.537161172387621e-06, 1.6627161558718073e-05, -1.5717251577814542e-05, 2.2691802423838717e-09, 1.7385411982840664e-09, -7.960409024421471e-09, 6.65328e-26, 1.602e-19
2.072838398631472e-05, 3.015639400493509e-05, -1.2481276710831506e-05, -2.980765053186417e-09, -6.8537877295551276e-09, 7.411372594438197e-09, 6.65328e-26, 1.602e-19
-9.911674341663801e-06, 2.10161491254923e-05, 1.5493709707783307e-05, 1.4978041113266755e-08, -3.5586897562539596e-09, -2.1457494987003245e-09, 6.65328e-26, 1.602e-19
-6.451469950232274e-05, -3.1854955085684677e-05, -6.493662425078209e-05, 2.633028977779461e-09, -1.4538119817780716e-09, 1.1600684934449676e-09, 6.65328e-26, 1.602e-19
-4.921491056989821e-07, 2.5136252814039558e-05, 6.154913564596714e-06, 6.944961986793859e-10, 1.8926028921313286e-09, -1.1259153997947833e-10, 6.65328e-26, 1.602e-19
-1.9168035988695858e-06, -1.359162044612166e-05, -2.0775282232215338e-05, -1.487494474713407e-09, -2.961207087056997e-09, 1.2033849606822765e-08, 6.65328e-26, 1.602e-19
-1.0463304732445113e-05, 2.619793018259358e-05, -1.5191177442240181e-05, -4.819910731831644e-10, 6.052085736599934e-10, -4.659507731077432e-09, 6.65328e-26, 1.602e-19
-0.0001310583702134494, 0.0003043113025192256, 6.518570242452942e-05, -6.368960571836899e-09, 1.1388179251354392e-08, -1.4095609566599232e-09, 6.65328e-26, 1.602e-19
-2.4934589602231294e-06, -4.5767807167056905e-05, -5.814701082024787e-06, -4.333587818206586e-09, 8.321690350295745e-09, 5.617221740537908e-09, 6.65328e-26, 1.602e-19
1.7755625646217472e-07, 1.9232346295076038e-05, 5.532547051482159e-06, -1.197904719256129e-09, 2.5227458601901584e-09, 7.547657114651596e-09, 6.65328e-26, 1.602e-19
-2.674365582268527e-05, -1.148762416176649e-05, -1.6858639345934275e-05, 7.59496708910634e-09, -3.031609355624713e-09, 1.0021368857073756e-08, 6.65328e-26, 1.602e-19
1.8639428427043865e-06, 4.2745841926119626e-05, 1.0402466946084312e-05, 3.089515471596182e-09, 5.314472525732837e-09, -1.4358787612348782e-09, 6.65328e-26, 1.602e-19
-1.1391458565327168e-05, 1.0923514319478847e-05, -2.532947090923199e-06, 1.5705657302427766e-09, -8.179555395542583e-09, 2.746815095726671e-09, 6.65328e-26, 1.602e-19
1.6047419242703383e-05, 3.304971266311675e-05, -1.305238288095541e-05, -1.8633587286287446e-09, 9.923432927655054e-10, -4.98207884707841e-09, 6.65328e-26, 1.602e-19
-4.803268853100771e-05, 5.815531267291188e-05, 5.601451876039966e-05, 1.511886382736517e-10, -9.766748875582867e-11, 9.160538036396953e-10, 6.65328e-26, 1.602e-19
-4.231521048985362e-07, -1.1171247489058556e-06, 2.9517797775717405e-06, -2.9947660639491466e-09, -2.8620255998628466e-09, -6.4186814959602175e-09, 6.65328e-26, 1.602e-19
5.608501552705284e-05, 9.75706332271822e-06, -3.3931714722792707e-05, 4.1051158467950985e-09, 1.0627272668989567e-09, 3.934382896756153e-10, 6.65328e-26, 1.602e-19
2.3490930235167515e-05, 5.125281297929858e-06, 2.8679075258999795e-05, 1.3254774510280169e-08, 5.581071046651706e-09, -4.111022560969812e-09, 6.65328e-26, 1.602e-19
-1.567694493027565e-05, 1.057049107504664e-05, 1.781911684118816e-05, 6.562801528803272e-09, 3.926824966673346e-10, 7.034561885332762e-09, 6.65328e-26, 1.602e-19
3.3386582459078964e-06, -3.580447927160216e-06, 3.092975084122226e-07, 3.0753715974365218e-09, 5.387387584921578e-09, 4.579180605156654e-09, 6.65328e-26, 1.602e-19
5.5051699390474434e-05, -3.451635682566115e-05, -1.63033090339729e-05, -4.1385580743378295e-09, 4.455654523244053e-09, -5.655583274864352e-09, 6.65328e-26, 1.602e-19
-3.053876576662276e-05, 4.2824672194944335e-05, -1.8585030689412036e-05, 3.1109602553860615e-09, -5.904009729171508e-09, 2.2083848529146857e-10, 6.65328e-26, 1.602e-19
1.4143715253121165e-06, -3.090648974424191e-05, 1.7583892755161783e-05, 9.887727645047025e-09, 5.020731836452039e-09, -6.418883648851016e-10, 6.65328e-26, 1.602e-19
1.7064242091668104e-05, 7.403401353105599e-06, 4.281653109252678e-05, -6.1690125570177254e-09, -6.262712022613213e-09, 2.4245990848138683e-09, 6.65328e-26, 1.602e-19
-3.05461800874848e-05, 8.616040593184323e-06, 5.904927056261113e-07, -3.282392694887887e-09, -6.141579019943101e-09, 1.1421128497048003e-09, 6.65328e-26, 1.602e-19
6.653547102603225e-05, 2.8652028990091766e-05, -1.450347503559228e-06, -3.4396917058892363e-09, 8.219593109223512e-10, -2.7328983327873395e-09, 6.65328e-26, 1.602e-19
-0.00011921398680829987, -5.536442835905635e-06, 5.496533692717129e-05, -6.566556073230495e-10, 1.2493279674001686e-10, -9.457310507503367e-09, 6.65328e-26, 1.602e-19
1.453543698935108e-05, -4.912674532188196e-06, -1.8037010100482717e-05, 5.8441729210822255e-09, 8.994772975510028e-09, -9.418449713953575e-10, 6.65328e-26, 1.602e-19
4.1059854916308933e-07, 1.5238684720612665e-05, -1.717433977901208e-05, 8.818807580028213e-09, 9.91986050566538e-10, 2.4002203441356343e-09, 6.65328e-26, 1.602e-19
-3.376372459260633e-05, -1.8981975453601543e-05, 4.1541973761588845e-06, -3.630595492198352e-09, -3.55620553025833e-09, -3.436689872772484e-09, 6.65328e-26, 1.602e-19
1.7218492814841432e-05, 2.6918144885920954e-05, 4.568770038261711e-06, -6.732046512984847e-09, -8.651191414379986e-09, -5.194663608009713e-09, 6.65328e-26, 1.602e-19
-4.396232455906348e-06, -2.0477017984035194e-05, -3.504929871120564e-05, -5.4237706711790836e-09, -1.256072388386692e-09, -2.270477323548116e-09, 6.65328e-26, 1.602e-19
-2.9971991285572454e-05, 1.5441964594219708e-05, 3.205794385465356e-05, -6.145280937936291e-09, 1.2924502173481534e-09, -5.849184093387597e-10, 6.65328e-26, 1.602e-19
2.2709046410731798e-06, 9.479626023164106e-06, -3.661528808125585e-05, 7.004470219894446e-10, -3.4654057549633546e-10, 1.0739215907824222e-08, 6.65328e-26, 1.602e-19
0.0003935652140033404, 0.00046054566658733164, 2.9928987303231926e-05, 2.9351287058647458e-08, 3.426195902582165e-08, 3.257089562885593e-09, 6.65328e-26, 1.602e-19
-1.700490332339591e-05, -7.36126001738745e-05, -4.817835400389284e-05, -1.5623436901320957e-09, 6.036045199171183e-09, 1.258180600904747e-09, 6.65328e-26, 1.602e-19
4.3382643351201725e-05, -1.544860603857585e-05, 4.862027724348825e-05, -2.201666846043374e-09, 2.8941141234111607e-09, 7.928739996540093e-10, 6.65328e-26, 1.602e-19
-0.000716209889733486, 0.0003465166657714864, -0.0003073347195388501, 4.737906201633774e-08, -2.236589936674636e-08, 1.4797124804266184e-08, 6.65328e-26, 1.602e-19
-2.405087444892107e-05, -6.399702801718693e-06, -5.814351714303125e-06, -3.4175134062426237e-09, -6.518604692558519e-09, 2.9231879302650797e-09, 6.65328e-26, 1.602e-19
3.37372635191728e-05, -1.2521185382622962e-06, 1.963447100047985e-05, 3.944796885658625e-09, 9.97402504156266e-10, -1.3636265977999567e-09, 6.65328e-26, 1.602e-19
9.289672725289397e-06, 1.5575796453658988e-05, -7.980027622944049e-06, -1.1453542191069516e-08, -5.086135832820629e-09, 4.514956560324211e-09, 6.65328e-26, 1.602e-19
-6.14763324993786e-05, -4.1455844204692536e-05, -1.9946662292161185e-05, 6.6009100078486355e-09, 4.525926706067747e-09, 1.4357869000517353e-09, 6.65328e-26, 1.602e-19
4.272483796880543e-06, -1.2789856746583373e-05, -8.594065851030926e-06, -1.211385821199106e-08, -4.311051248247705e-09, 3.8146022199583126e-09, 6.65328e-26, 1.602e-19
-1.0447030596712918e-05, 3.6814449466287536e-06, 1.7814480737346622e-06, 8.071734382849829e-09, -3.781730586794109e-09, 7.18492955038351e-09, 6.65328e-26, 1.602e-19
2.753613638113589e-05, 8.106194957976481e-06, -1.8480025422077376e-05, -2.6832423026795443e-09, -6.904233223869814e-09, -2.9857092823856535e-09, 6.65328e-26, 1.602e-19
5.061490372323117e-06, -1.69978419461926e-05, -7.957404397718278e-06, -4.620956136568099e-09, -4.307185813322811e-10, -1.1347268969346434e-08, 6.65328e-26, 1.602e-19
-8.859648835754526e-06, -3.382456839967891e-05, -4.195230694847116e-05, 3.1429543546483393e-09, -3.0365805831762916e-09, 3.0991193298531805e-09, 6.65328e-26, 1.602e-19
1.9879441836892835e-05, 4.032077895778734e-05, 8.932516887221391e-06, 7.092139853324073e-09, 7.827756364144289e-09, 2.4526754911761187e-09, 6.65328e-26, 1.602e-19
2.8313626009478292e-05, 1.5091120395490639e-05, 2.9847489868402135e-06, -4.878537324449697e-09, -1.0420771649559254e-09, 6.344260862569008e-10, 6.65328e-26, 1.602e-19
0.00021527865882014512, 8.601483802723964e-05, 7.833371335533556e-05, -8.197135185094805e-09, -3.774527740461393e-09, 2.4865327883183355e-09, 6.65328e-26, 1.602e-19
3.615208490058924e-05, -9.018090846024297e-06, 4.469032640305134e-06, -3.1551314583894404e-09, 4.094121614029109e-09, -5.300281460096588e-09, 6.65328e-26, 1.602e-19
0.00011941239533598426, -0.00043678593088624393, 0.00014735272067157752, 7.91144500549728e-09, -2.6865222770126886e-08, 5.172269007714975e-09, 6.65328e-26, 1.602e-19
-3.45658007854075e-05, -7.392541679444096e-06, -4.6659032099705996e-06, 1.1334401671312542e-08, 1.747681237308742e-09, 3.83347591275942e-09, 6.65328e-26, 1.602e-19
1.1889878688441941e-05, 2.3521995788110214e-05, 1.5946273345727935e-05, 1.0067396243705779e-08, 3.644310883470549e-09, 1.1118209397413622e-09, 6.65328e-26, 1.602e-19
1.7429985304404437e-05, -8.587941521548722e-05, 8.19827091693444e-06, -2.6813201147539686e-09, 1.663603249006626e-08, -4.21985208635142e-09, 6.65328e-26, 1.602e-19
-1.4067628614278245e-05, 2.9787644980590205e-05, -2.1200810115770762e-05, -1.0016956488216273e-09, 2.172589528133969e-09, 6.298962255874655e-09, 6.65328e-26, 1.602e-19
5.05159921743861e-05, -0.00038511261896824895, -9.377200952710764e-05, -5.138763555010136e-10, 7.36033394483315e-09, -1.1183465772545923e-08, 6.65328e-26, 1.602e-19
-6.705606373768766e-05, -8.331211242490816e-06, 1.0172779896640505e-05, -5.315688039575433e-09, -1.0520130443783446e-09, 4.323599527285513e-09, 6.65328e-26, 1.602e-19
3.9167916915209476e-05, -0.00014335725448214279, 5.4312879023018245e-06, 9.916565841670142e-11, -7.198358979084497e-09, -1.4130668679062885e-09, 6.65328e-26, 1.602e-19
-3.8882704991213056e-05, 4.745979061084728e-05, 0.00011103306381370209, 2.0045057769371924e-10, -1.595736465609897e-10, -9.082770402168071e-10, 6.65328e-26, 1.602e-19
1.8393622204965107e-05, -2.9427347554746347e-05, 2.0124635096526493e-06, 3.9788223306659395e-09, -7.305150142439728e-09, -1.1745881773743035e-09, 6.65328e-26, 1.602e-19
-6.36811773898631e-06, -0.00031378940031364695, -3.5626953822501803e-05, -1.89427056744473e-09, -1.2039799782685455e-08, -1.869846299358451e-09, 6.65328e-26, 1.602e-19
-6.978537786914319e-05, -7.695843492023149e-05, -9.042093498136814e-06, -8.530424996744172e-11, -9.8305005742836e-10, -2.311961802221279e-09, 6.65328e-26, 1.602e-19
0.0001379662510630445, -0.00015802966303702382, 0.0004043862710766438, -1.4448759397997386e-08, 1.523421568901982e-08, -3.901334386479827e-08, 6.65328e-26, 1.602e-19
4.626469564590848e-05, -4.125387943408137e-06, 2.8767081652615136e-06, -7.72096374197037e-09, -6.6974895006312e-09, -3.1098733278823245e-09, 6.65328e-26, 1.602e-19
-7.263765505269098e-05, 0.0003562627475793713, 6.136272848268052e-05, 2.026825420769855e-09, -8.148837146747717e-09, 9.855862896137217e-09, 6.65328e-26, 1.602e-19
1.9744446982241262e-05, 7.317877257534278e-05, -6.372033280976456e-05, -2.1700472812288745e-11, 4.459607167927851e-09, 2.375409231101175e-09, 6.65328e-26, 1.602e-19
4.139210364996331e-05, 6.516097143645956e-05, 2.393892120115683e-05, 6.448222563800418e-09, 3.5198570583305626e-09, 6.53032382604676e-10, 6.65328e-26, 1.602e-19
2.8381694583401944e-06, 8.97025070677437e-06, 9.387302199144125e-06, 5.711105455057927e-09, -2.861435736789145e-10, -7.73594110440068e-09, 6.65328e-26, 1.602e-19
2.3803761733058495e-05, 0.0005738403810236251, -0.00018558799937236833, 2.0617770651850105e-09, 3.498558824490189e-08, -7.308827125894392e-09, 6.65328e-26, 1.602e-19
1.743243661860479e-05, 3.0139980063755202e-05, 1.0436583369344556e-05, 6.195295373049507e-09, 3.942242126207593e-10, -7.489683889680802e-09, 6.65328e-26, 1.602e-19
-3.2762537923655945e-05, -3.8917632161515274e-05, -5.279550486434731e-06, -4.440596904308391e-09, -4.0027361796107243e-10, 2.445957067160419e-10, 6.65328e-26, 1.602e-19
0.0003267589400514047, -0.0012209252685092405, -1.101297859725771e-05, 1.4503382559379988e-08, -4.7709318717310794e-08, -8.730076074710687e-10, 6.65328e-26, 1.602e-19
-6.257961031375094e-05, -2.32023559252286e-06, -1.1941921922838336e-05, -3.7096940594321957e-09, 2.2403053292113496e-09, -2.466289555211349e-09, 6.65328e-26, 1.602e-19
2.1093977834156534e-05, 6.686410917611695e-05, -3.578192910280303e-06, 8.31820409509214e-10, -1.0943076503159228e-09, 1.4139913701888541e-08, 6.65328e-26, 1.602e-19
2.300581766044762e-05, -5.038079828377141e-05, 1.125935669775677e-05, -1.6440633403631666e-09, -9.53278067444185e-09, -2.92731249447669e-09, 6.65328e-26, 1.602e-19
-5.916108203097388e-06, 9.737875276177946e-07, 3.2623994129598347e-05, -1.229831801571803e-08, -7.075335877633003e-09, -4.9612774269934276e-09, 6.65328e-26, 1.602e-19
1.542158075376536e-05, -9.454745824683611e-06, 2.491865156032593e-06, -7.893379574902867e-09, -1.4434469300925245e-09, -1.3822676660604613e-11, 6.65328e-26, 1.602e-19
9.124774167609638e-06, -1.2042650327122043e-05, 2.4922958079040924e-05, 3.3542233665504843e-09, -5.654521657290415e-09, -8.726994025377346e-09, 6.65328e-26, 1.602e-19
2.8675870754956825e-06, -2.4016446087642142e-05, 2.8182006341633428e-05, 1.7877133883230047e-09, 8.963330037572037e-09, 3.4643681857820358e-09, 6.65328e-26, 1.602e-19
1.0025584030013029e-06, 2.993044098375917e-06, 4.498252411425186e-06, 4.978182570021854e-10, 1.19203326885193e-09, 8.253953855009254e-09, 6.65328e-26, 1.602e-19
7.337461369235182e-06, -3.0060994547678723e-05, -5.715784478336957e-06, -4.029460605411777e-09, 2.5506504405977807e-09, 3.3563293836924493e-09, 6.65328e-26, 1.602e-19
-3.326859923672703e-06, -1.3615541507338165e-05, -2.2850297751611832e-05, 3.1033361884290537e-09, -9.884743800710545e-09, -9.821961333948069e-09, 6.65328e-26, 1.602e-19
3.8175807693408696e-05, -0.0001859902038675215, -0.00014659612188403076, -1.4841405630704324e-10, -2.5605336753083092e-09, 1.005088584353832e-08, 6.65328e-26, 1.602e-19
-2.475110057537183e-05, -4.894318315462097e-05, -3.021886551451988e-05, -2.2823768736174524e-09, -7.281669983487717e-09, -1.0039862764295743e-09, 6.65328e-26, 1.602e-19
1.7439513137833413e-05, -5.897832243782931e-06, -1.3941834969417308e-05, 6.7385772916051235e-09, -2.96282974510803e-09, 5.748062507233189e-09, 6.65328e-26, 1.602e-19
-7.003082931792284e-07, 3.346236872880665e-05, 6.124118424296205e-08, -4.057261893115695e-09, 2.797873592632887e-09, 5.724569383898959e-09, 6.65328e-26, 1.602e-19
0.0001236643697099587, 7.274718555077402e-05, 0.00012238015777365677, 8.537881676733665e-09, 4.159711648005111e-09, 3.0828775675976757e-09, 6.65328e-26, 1.602e-19
-1.7731613277091212e-06, -1.458840930226337e-05, 2.7544551350926194e-05, -4.02039952104409e-09, -3.596430710193367e-10, -7.539481948638594e-09, 6.65328e-26, 1.602e-19
-2.307237563705266e-05, 8.0217414051102e-06, -2.2642455911948416e-05, 5.288294750590592e-09, 2.5527284650146174e-10, -5.599921098189759e-09, 6.65328e-26, 1.602e-19
-7.088081465608644e-05, 3.335700585880524e-05, -2.7540241937081697e-05, 3.7060111159233588e-09, -1.5749513396151096e-09, 9.449546719064786e-09, 6.65328e-26, 1.602e-19
4.7063464549413856e-05, 6.490490513703568e-05, 9.875833694655625e-06, 1.7475985835173611e-09, -1.3145825784983882e-09, -4.881893329971492e-09, 6.65328e-26, 1.602e-19
2.282746525846969e-05, 4.2233244691668356e-05, -1.3415878477093697e-05, -3.818913045996954e-09, 7.850498171836374e-10, 7.507838078648842e-09, 6.65328e-26, 1.602e-19
-3.255851766825725e-06, 2.9321344132428238e-05, 1.1907265447767923e-05, 8.323652696252653e-09, -6.19752084444664e-09, -1.666195745809318e-10, 6.65328e-26, 1.602e-19
-9.202757989422565e-06, -7.0973918676650855e-06, 6.470830444672753e-06, 2.1667264214022314e-09, -5.827680915770089e-09, -4.345367025396913e-09, 6.65328e-26, 1.602e-19
1.4233135185191186e-05, 1.6227703120328652e-05, -5.562655483661947e-06, -2.78113511866137e-09, 1.1782636083041477e-08, 3.794315768453824e-10, 6.65328e-26, 1.602e-19
-0.00018178208028182856, 0.0001631225137784798, 3.645132232983597e-05, -1.3897924378735003e-09, 7.46174571873877e-12, -4.264085306218843e-09, 6.65328e-26, 1.602e-19
-4.261952354748627e-06, -2.1462488143544787e-05, 2.4948969154692305e-05, -1.0276202126240363e-08, -5.472545438510789e-09, 5.643200693254756e-09, 6.65328e-26, 1.602e-19
-7.426193511162843e-07, -4.3388066509677166e-05, 2.1507487685530068e-05, 7.81302804149735e-10, 1.6706557716120731e-09, -2.458987432760948e-09, 6.65328e-26, 1.602e-19
-1.8871919012867955e-05, -1.6336737301859168e-05, 2.5286802054863732e-05, -5.04054226079988e-10, -1.881770444025341e-09, -4.562343917812626e-09, 6.65328e-26, 1.602e-19
6.938753442809083e-06, 2.605018680068953e-05, -8.435994387014694e-06, 1.554674459411306e-09, -9.010252263587857e-09, -4.728478402621169e-10, 6.65328e-26, 1.602e-19
7.302687411099039e-05, 6.252147181415581e-05, 1.191085593409452e-05, 5.627473398507978e-09, 5.66223616314606e-09, 4.5152308644194957e-11, 6.65328e-26, 1.602e-19
7.029818839428045e-05, -1.8120394798633414e-05, 2.9502188460040474e-05, 6.176487310606608e-10, -2.2525346467131024e-09, 1.2824421193476576e-09, 6.65328e-26, 1.602e-19
5.622971789755554e-06, -6.19625356603018e-05, 3.490813951827005e-05, 2.1963534653922668e-10, 1.9174584244740716e-09, 3.952870836476092e-10, 6.65328e-26, 1.602e-19
-2.0315575340470284e-05, 6.388342939976394e-06, 1.336198584349797e-05, -3.251745083446946e-09, 5.027470725964394e-09, -9.308664454494703e-09, 6.65328e-26, 1.602e-19
7.958104388884897e-06, 1.099556357616472e-05, 3.392607716915195e-05, -2.2459134060004447e-09, -7.492876888753047e-09, 3.6432461812856928e-09, 6.65328e-26, 1.602e-19
-1.7009568449141277e-05, 2.3207638939320014e-05, -2.3699075619086074e-05, 3.2930055372064973e-09, -9.041483393682473e-09, -1.0237775792881558e-09, 6.65328e-26, 1.602e-19
8.741872460458325e-05, 0.00019102068365214065, -3.781222700349051e-06, -2.923875260636281e-09, -8.49863018271902e-09, 1.3812580996472398e-09, 6.65328e-26, 1.602e-19
-3.417184726242148e-06, -3.0852911591036766e-06, -6.769160366856005e-07, -9.964594074321662e-09, 2.757741740084293e-10, 6.520554394622256e-09, 6.65328e-26, 1.602e-19
1.7880231128647205e-05, 4.89695601878583e-05, 4.636818580148818e-05, 8.80650465908296e-10, 7.537740104568775e-10, -2.61167846794734e-09, 6.65328e-26, 1.602e-19
-1.0757669703287372e-05, -5.071526149081937e-05, 5.783241903947907e-06, 1.901059069989552e-09, -7.020363165523482e-10, 2.415195655177892e-09, 6.65328e-26, 1.602e-19
-3.87464090758896e-05, -3.1533971207700116e-05, 8.271236197106599e-05, -3.9832414327380107e-10, -1.5964128191812128e-09, 5.231970384927235e-09, 6.65328e-26, 1.602e-19
1.1197941119225773e-06, 8.83187908504668e-05, 1.0331697285357426e-05, 7.069405740601204e-10, -1.682953349586295e-08, 1.0045566300664174e-09, 6.65328e-26, 1.602e-19
-6.018748810234241e-05, 0.00011958796091001993, 1.6523585112791018e-06, 7.936762791327509e-10, -2.7804173482906377e-09, 6.177341441030464e-09, 6.65328e-26, 1.602e-19
6.415338677337142e-06, -1.8247007405040922e-05, -2.074083870702133e-05, 7.052785255646549e-09, -4.271725127779283e-09, 5.36043838400704e-09, 6.65328e-26, 1.602e-19
3.632218007284961e-05, 5.061221500445903e-05, 2.9811905476706303e-05, 2.0710533901522858e-10, -2.7943731639925417e-09, 4.0857860733498775e-09, 6.65328e-26, 1.602e-19
6.252378189589467e-06, -8.649255912033055e-06, 2.9556962346797306e-05, -2.6028297924340363e-09, -6.7202140617018424e-09, 5.7833907541358055e-09, 6.65328e-26, 1.602e-19
-3.430932182549996e-06, -6.099607207916019e-05, -1.645206416847246e-05, 5.310524027365925e-09, -2.0041892744793838e-09, 3.108674206082908e-09, 6.65328e-26, 1.602e-19
2.2464584729237527e-06, -3.6498898982840893e-06, 2.485460036945103e-05, 5.578599665756785e-09, 4.763579205264156e-09, -2.440358544306884e-09, 6.65328e-26, 1.602e-19
-1.641206038459687e-05, -2.8070008920892722e-05, -3.948095302480995e-05, -6.227287325513553e-10, -6.183847645708713e-09, -4.556583012929919e-09, 6.65328e-26, 1.602e-19
-2.3925728311994923e-05, 1.1812266952361005e-05, 1.248447629059852e-05, -2.9873022234122253e-09, 6.990571777847656e-09, -6.450805151351467e-10, 6.65328e-26, 1.602e-19
1.9526615682311766e-05, 1.6486165405225298e-05, -1.1673827617445292e-05, -3.5763601016046004e-09, 6.6245076584304494e-09, 3.950049594931969e-09, 6.65328e-26, 1.602e-19
-0.0012722649430768006, 0.000689233609344211, 0.00017805145409991043, 3.519915534836383e-08, -1.911667161542358e-08, 5.89068048014975e-09, 6.65328e-26, 1.602e-19
1.1367272378411375e-05, -3.2823233953457004e-05, -2.0787663803795398e-05, -7.574990033824214e-09, 9.416258655567656e-10, 2.1805427415616676e-09, 6.65328e-26, 1.602e-19
2.219233627951188e-05, 4.2499342234204335e-05, -8.116902554012332e-05, -2.46786922181547e-09, 4.5114347670697914e-10, -7.321624889922406e-09, 6.65328e-26, 1.602e-19
4.239073739468627e-05, 0.00022815190310579366, -5.359149996915652e-05, 2.6813824637095323e-09, 1.866568591234717e-08, -3.0577913370689167e-09, 6.65328e-26, 1.602e-19
1.8833085445264572e-07, 5.804105405317999e-07, -1.5772399466149596e-05, 8.758989048108928e-09, 1.2309845621663904e-08, 6.182675599368969e-09, 6.65328e-26, 1.602e-19
-2.939268452489102e-06, -5.5856429675368055e-06, -7.761068241082014e-06, 3.267066971012034e-09, 6.506998571625556e-09, 1.0278845157476654e-08, 6.65328e-26, 1.602e-19
8.921737734436123e-06, 3.100399433088405e-05, 9.732193530908344e-06, 1.0455747882033178e-09, 8.987500373310222e-09, -3.277007840401441e-09, 6.65328e-26, 1.602e-19
-6.499797906740632e-06, 4.002106313873748e-06, 4.608966435099832e-06, -8.639234814439865e-09, -3.2084614470273267e-09, -3.9160370545968895e-09, 6.65328e-26, 1.602e-19
4.769827614311234e-05, 1.1980758761584955e-05, 4.3241939844102515e-05, -3.072597406470875e-09, 2.7870794447889603e-09, -7.530648544994584e-09, 6.65328e-26, 1.602e-19
-0.00013928563686558423, -0.0002529008033193203, 8.805689484788963e-05, 5.290656570774907e-09, 8.588868474605381e-09, 5.240949670951312e-09, 6.65328e-26, 1.602e-19
-4.8364135225287905e-06, -1.2720273398935734e-05, -2.8853088067348546e-05, 3.428905618452055e-09, -6.067305126315514e-09, 1.0987861074730275e-09, 6.65328e-26, 1.602e-19
5.7257925674508166e-05, -9.606746382791817e-06, -0.00011661872867540276, 3.3573929689909194e-09, 2.3788320867703272e-09, 3.344932498390207e-09, 6.65328e-26, 1.602e-19
-0.000513272819191947, -0.0004793007548526914, 1.1596706653767654e-05, -4.000770769443559e-08, -3.7458181293287784e-08, 2.231668210686463e-09, 6.65328e-26, 1.602e-19
-1.630948929202446e-05, -2.544154410281889e-05, -2.345512651086439e-05, 5.268664719464244e-09, 1.5127807821758837e-09, -2.9189854614694898e-09, 6.65328e-26, 1.602e-19
0.0011999033466246825, -0.0006554137595417682, -0.00016739111155353998, -3.374652600262517e-08, 1.8397767364331855e-08, -5.7808213514398e-09, 6.65328e-26, 1.602e-19
-1.5676008609089892e-05, -5.353063680291508e-05, -7.441661602967253e-06, -2.3095529819708846e-11, 2.776323159700615e-09, 2.59926448529494e-09, 6.65328e-26, 1.602e-19
-1.3883155615672387e-05, -9.816470995849505e-06, 1.0966078434159611e-06, -1.4829724021389214e-09, -3.4075609435005545e-09, 4.246375942710333e-09, 6.65328e-26, 1.602e-19
6.414101970454485e-05, 1.8619825497687746e-05, -1.8473014109004625e-05, 1.0943218231877575e-09, 2.566518751095525e-09, -2.072601490784592e-09, 6.65328e-26, 1.602e-19
5.058759147936325e-05, -3.103698039234633e-05, -4.0602455002812874e-05, 7.0999153833274876e-09, -3.0067918430530422e-09, 5.280670963151098e-10, 6.65328e-26, 1.602e-19
3.7285517225226813e-05, -1.3980358061564258e-05, -7.538608746950895e-06, -8.067683461573538e-09, 1.242449357058236e-09, -6.554705606937559e-09, 6.65328e-26, 1.602e-19
-1.280873349446203e-05, 1.2347571720911475e-05, -1.2175324007218141e-05, 2.024340926764634e-09, -3.456985972621319e-09, -6.2493734142628116e-09, 6.65328e-26, 1.602e-19
-8.878795266780394e-06, -8.964404842870054e-06, -2.8418641893054593e-05, 1.2818920414106999e-09, 3.612159836277655e-09, -8.887665157344118e-09, 6.65328e-26, 1.602e-19
3.281546243455301e-05, 5.681106260787887e-06, 2.3734203660923516e-06, 1.659659766176878e-08, 8.729608030753512e-09, 1.3095605637558268e-09, 6.65328e-26, 1.602e-19
8.767868305139413e-05, -0.000333949694460551, 7.513181260638355e-05, -1.3983295820004561e-09, 8.07465888994041e-09, 6.687867160974294e-09, 6.65328e-26, 1.602e-19
-1.1986292895717234e-05, -4.807154147606005e-06, 1.5973019877233957e-05, -3.6692781211083354e-09, 6.601295380147885e-09, -3.683994704222297e-09, 6.65328e-26, 1.602e-19
4.6384521294031835e-05, -5.8305659998916886e-05, 1.6911069354222165e-05, -5.488144492406052e-10, -1.256771905765212e-09, 7.830659831637923e-09, 6.65328e-26, 1.602e-19
1.0885142661250353e-06, -2.7396573891866087e-07, 3.462364926504983e-05, 8.404037798308213e-09, -4.5141261483999056e-09, -8.353569135897286e-09, 6.65328e-26, 1.602e-19
5.6783180387256146e-05, 2.4647087337302087e-05, -8.637739055760322e-06, 5.1409867553461116e-09, 2.2826240264645706e-09, 4.7998945804780035e-09, 6.65328e-26, 1.602e-19
-9.189709235000754e-05, -0.00016996474646921046, 2.7325717805195586e-05, 1.4079313751080936e-09, 5.3807995547994056e-11, -4.804417582245492e-09, 6.65328e-26, 1.602e-19
-6.843132473189119e-06, 2.8846278718526247e-05, -2.4261391117040536e-05, -1.4414506820581517e-09, -7.358993224053813e-10, 6.007577952573344e-09, 6.65328e-26, 1.602e-19
-8.970719136796582e-06, 6.597901969704242e-05, -3.387478913585443e-05, 1.1242003511351048e-09, 8.24031591533187e-09, 2.1329304380328923e-10, 6.65328e-26, 1.602e-19
1.4354293666009021e-05, -3.551020756454878e-05, -8.933305802758145e-06, -4.328434258569672e-09, -4.7838987286132684e-09, -2.787184215977314e-09, 6.65328e-26, 1.602e-19
-1.147688294678763e-05, -1.3791410384222021e-05, -1.932618771742805e-05, -1.4272335418047231e-08, -1.6013140629562244e-09, 9.669676345556982e-11, 6.65328e-26, 1.602e-19
-5.071626177970233e-08, 1.173346463632848e-05, 1.5571775537782015e-05, 2.1143553657047716e-09, 7.933654078213966e-09, -5.780311972084244e-09, 6.65328e-26, 1.602e-19
-2.2078028735614217e-05, 1.4493613097603193e-07, -2.7892769333895136e-05, -1.0874872519568116e-08, -5.526476958838376e-09, -2.149066240897565e-09, 6.65328e-26, 1.602e-19
5.132835488865517e-06, -2.0260333993815903e-05, -2.882979678305253e-05, -8.295670199648767e-10, 9.989595711871913e-10, -1.1451048565457786e-08, 6.65328e-26, 1.602e-19
3.039343501565236e-05, 7.032481113736573e-05, 8.090026437887235e-06, 9.037094817754015e-10, 1.9221802426394518e-09, -2.9842947511893436e-09, 6.65328e-26, 1.602e-19
-1.2692626205016673e-05, -1.7845975792352545e-05, 2.1406014216066907e-05, 7.954883925256925e-09, 5.345303660280102e-09, -5.770169454906432e-09, 6.65328e-26, 1.602e-19
5.129835219388804e-06, -1.173214533256065e-05, 4.1745941647776004e-05, 5.388576685325125e-10, 8.305824631558716e-09, 4.013922494073021e-09, 6.65328e-26, 1.602e-19
5.4948939892857955e-06, 8.9920381691092e-06, -1.6096354703857662e-05, -1.0803559323613257e-10, 9.210622761910941e-09, 2.7316378521915336e-09, 6.65328e-26, 1.602e-19
1.9336441228285047e-06, 3.90322740042536e-05, -5.357492336695421e-05, -6.0777336475988644e-09, -9.328325739187773e-09, 3.5961073991292595e-09, 6.65328e-26, 1.602e-19
2.179198950252886e-05, 3.105222605247744e-05, -3.6591575879720593e-06, 1.3215235559993812e-09, 5.634810695407657e-09, -5.582658887080115e-09, 6.65328e-26, 1.602e-19
5.702243955035466e-05, 8.028195936217251e-06, -5.8882128163202005e-05, 4.808095153246239e-09, 1.3160085885103627e-09, -7.618701773330984e-09, 6.65328e-26, 1.602e-19
9.02277734034905e-05, 0.00018537671586335553, 0.00011719926736405834, 7.200327194714358e-10, 1.1053405949165647e-09, -1.0303213292205854e-08, 6.65328e-26, 1.602e-19
1.346987831873315e-05, 1.0832850709869479e-06, -4.6532523123120983e-07, 3.2021343374454213e-09, -5.78279343078412e-09, 6.495153806164923e-09, 6.65328e-26, 1.602e-19
2.9746004882457072e-05, -1.850472608779567e-05, -1.57854277023266e-05, -3.874727505893378e-11, -5.510286139673301e-09, -6.822226026981058e-09, 6.65328e-26, 1.602e-19
1.645571938680312e-05, -6.339501331817857e-06, -1.8449530176908258e-05, -5.245258207026135e-09, -5.2680623322666485e-09, 1.0053295602194953e-08, 6.65328e-26, 1.602e-19
-5.6463242681113274e-05, 4.643778580464711e-05, 8.273122598350683e-05, -1.0663243160707373e-08, 4.8471630910002975e-09, 7.503132029020664e-09, 6.65328e-26, 1.602e-19
-0.00013961580208904457, 0.00027782094995836075, -7.341027405678468e-05, 4.225331648115404e-09, -6.707796012128465e-09, -8.599368921094585e-09, 6.65328e-26, 1.602e-19
7.295034963938214e-05, -0.00015590317544061789, 8.822684053312318e-05, -5.960680112720775e-09, 1.2421742010528935e-08, -5.354841385161914e-09, 6.65328e-26, 1.602e-19
3.117405770611205e-06, 5.35505835734486e-06, -1.8913897648464898e-05, -1.3031856193640284e-11, -9.980242135069388e-09, -9.872631212871433e-10, 6.65328e-26, 1.602e-19
5.5796116072880215e-05, 2.131627233612484e-05, -7.97931283203684e-06, -7.884069348040023e-09, -5.7465472700338724e-09, -1.929773811328011e-12, 6.65328e-26, 1.602e-19
-6.166497408288016e-05, -0.00014010030235500948, -6.8261696447412745e-06, -2.152352796325461e-09, -7.443386123584239e-09, -2.750863764876259e-09, 6.65328e-26, 1.602e-19
1.0724156607681275e-05, 2.3399742320431714e-05, -3.8705821147614944e-06, 8.961172505764344e-09, 5.6773669341451294e-09, -5.282321378843804e-09, 6.65328e-26, 1.602e-19
-5.5449634682908616e-05, 9.405246180698803e-06, -2.911158100341534e-06, -1.3292016038970311e-08, 3.4623604286620193e-09, -3.997686862295853e-09, 6.65328e-26, 1.602e-19
-1.8446989234399497e-05, -0.00013256532856406654, -6.169372790921558e-05, -3.0399584640435633e-09, -1.4492481301767918e-08, -1.410747195836051e-09, 6.65328e-26, 1.602e-19
2.9017212307094028e-05, -4.407111544484303e-05, 6.794207665094639e-06, -1.4407548447189552e-09, 5.375689972425554e-10, 1.115909348729552e-08, 6.65328e-26, 1.602e-19
6.412755199419765e-06, -1.2465844556023906e-07, -4.978028756528482e-07, 3.8826986534169076e-09, 1.5066649661484596e-08, -2.036365036258719e-09, 6.65328e-26, 1.602e-19
-3.4111508868635596e-05, 1.968766198843331e-06, 3.060044591546379e-06, 3.4703007679120553e-09, -8.998111058942019e-10, 1.999446669809383e-09, 6.65328e-26, 1.602e-19
8.214613136975937e-06, 1.674007878240714e-05, 1.5520734082292075e-05, -1.0911527085438304e-08, -3.565817439633551e-09, -3.18038700832234e-09, 6.65328e-26, 1.602e-19
-7.583509972266354e-05, -3.3879336844311055e-05, -2.1069604581603725e-05, -2.3347612761241417e-09, -6.241191871895165e-10, -1.0628784415313138e-09, 6.65328e-26, 1.602e-19
0.000854397940123741, -0.0002989100830295739, 0.00025272092821996466, -5.6163448222125856e-08, 2.0112143809864037e-08, -1.2436258078523944e-08, 6.65328e-26, 1.602e-19
-4.633358541307833e-05, -5.288890628340391e-05, 2.7209018103440076e-05, -3.323566519588542e-09, -6.731759994147081e-09, 3.799197240812939e-09, 6.65328e-26, 1.602e-19
8.87710865924185e-06, -2.094496403313619e-05, 1.1814760009992083e-05, 3.87714624424426e-09, 3.466642062482453e-09, 7.714039600021418e-10, 6.65328e-26, 1.602e-19
-0.00024721689787351786, 0.00010081670158977379, -0.00040440208803502463, 2.258770136059192e-08, -9.677004286744951e-09, 3.827975853493429e-08, 6.65328e-26, 1.602e-19
-6.520146042013873e-06, -4.473663555434807e-05, 5.239648874193843e-05, 2.539766910863111e-09, -3.378220063493206e-09, -1.8004592022251832e-09, 6.65328e-26, 1.602e-19
6.345546673642338e-06, -4.4262523409526676e-05, -4.823687643717154e-05, -2.5008030405236585e-09, 4.083227508562546e-09, -7.07592771798335e-09, 6.65328e-26, 1.602e-19
1.9951182700448113e-05, -2.8292984248904073e-06, -1.863007564100524e-05, -9.349695547348434e-09, 1.5697552782695084e-09, 1.6186290863015794e-09, 6.65328e-26, 1.602e-19
-0.00012820818301657563, 0.0001267967693680763, -8.95823332335347e-05, -1.8918302629581985e-09, -3.4769094447022756e-10, 3.943033704690591e-09, 6.65328e-26, 1.602e-19
-1.353468826957448e-05, -3.256535926142461e-05, 3.557942300714696e-05, -4.374077264466806e-09, -6.537330696945495e-09, -4.262914817712502e-09, 6.65328e-26, 1.602e-19
-0.0003882897658886673, 0.0010568165873353337, 3.517232647067754e-05, -1.4551508439995886e-08, 4.520708238978326e-08, -2.901548761109863e-10, 6.65328e-26, 1.602e-19
-2.3253372237337744e-05, 3.0217904508408326e-05, -1.538857905283862e-05, 1.0186316884072607e-08, -5.96407435255487e-09, -3.129141420285538e-10, 6.65328e-26, 1.602e-19
3.622961509750557e-05, -1.9876337872077048e-05, -4.537144182503022e-06, 6.3607618683437666e-09, -2.9557964458891543e-10, -8.299779140315609e-11, 6.65328e-26, 1.602e-19
-8.809071611569166e-07, 3.143431577325352e-07, 5.549674315553804e-06, -8.282752275486108e-09, 5.88391387195496e-09, -6.165416590625908e-09, 6.65328e-26, 1.602e-19
