"  1.        1.78439   3.11232   4.54367   5.74157   6.91781   8.09151
   9.30513  10.46911  11.8185   12.58732  13.66359  15.35008  15.85885
  16.18594  19.32608  17.95976  71.32971 228.03798 577.60169"
"  1.37659   1.9854    3.15098   4.40091   5.4337    6.50353   7.76405
   9.2805   11.02411  12.67974  13.56572  14.33833  15.49023  15.90748
  17.18386  20.93381  18.79824  73.27495 234.72799 593.44848"
"  1.99588   2.43918   3.36155   4.39233   5.2569    6.35177   7.76206
   9.74958  12.14805  13.8716   14.79308  15.19433  15.80179  16.16145
  18.36753  22.66604  19.88206  74.10712 239.30479 605.65626"
"  2.65487   2.97723   3.69666   4.48339   5.21002   6.48793   8.34081
  10.93633  13.65517  15.4294   16.30758  16.27805  16.35781  16.57902
  19.65049  24.5013   21.30465  73.82243 241.7486  614.18127"
"  3.27879   3.51711   4.06044   4.61324   5.42898   6.98864   9.56547
  12.72337  15.58426  17.39609  18.16254  17.64822  17.14172  17.11632
  20.97167  26.41152  23.08088  72.44268 242.07118 619.01963"
"  3.83149   4.00323   4.36706   4.79192   6.03831   8.26918  11.52953
  15.02092  17.9954   19.8271   20.42365  19.38051  18.17639  17.73566
  22.28304  28.36247  25.18797  70.01285 240.31354 620.20501"
"  4.25836   4.35825   4.57613   5.44132   7.28474  10.42935  14.12157
  17.89007  20.96454  22.79268  23.16746  21.56428  19.51789  18.42069
  23.54417  30.31519  27.60806  66.59919 236.54368 617.80615"
"  4.51971   4.62399   5.31102   6.86423   9.65805  13.30909  17.38915
  21.42007  24.58188  26.3774   26.48038  24.28455  21.24569  19.20398
  24.71832  32.22858  30.36133  62.28909 230.85436 611.92447"
"  5.42658   5.88461   7.14353   9.49639  12.83921  16.95958  21.43279
  25.71761  28.95083  30.67874  30.45822  27.61905  23.44753  20.21985
  25.77014  34.06294  33.41453  57.19199 223.36064 602.69158"
"  7.66603   8.43283  10.20545  13.0393   16.88818  21.49876  26.37465
  30.90428  34.18752  35.80624  35.20591  31.6545   26.20997  21.61026
  26.66556  35.78345  36.62139  51.4452  214.19819 590.26685"
" 11.10485  12.09417  14.23811  17.55265  21.93688  27.0646   32.35339
  37.11558  40.42054  41.88111  40.83757  36.48991  29.62584  23.43416
  27.37473  37.36108  39.8597   45.23693 203.51998 574.83489"
" 15.59125  16.81135  19.35073  23.18021  28.13546  33.80919  39.52193
  44.50057  47.79113  49.03625  47.4772   42.23594  33.82142  25.78431
  27.88104  38.77435  43.04345  38.9132  191.49515 556.60282"
" 21.24947  22.72501  25.69587  30.08111  35.64665  41.897    48.04615
  53.22174  56.45336  57.41648  55.2595   49.01491  38.97633  28.79298
  28.20465  40.00773  46.09941  33.5734  178.3067  535.79802"
" 28.22662  29.99225  33.43803  38.42532  44.6442   51.50399  58.10387
  63.4549   66.5745   67.17886  64.3308   56.96092  45.21795  32.60911
  28.46102  41.04348  48.96062  33.42033 164.14993 512.66596"
" 36.67842  38.77872  42.75048  48.39222  55.31204  62.8171   69.88419
  75.38918  78.33526  78.4931   74.84967  66.22021  52.65109  37.37091
  28.8352   41.85093  51.56109  37.68919 149.23131 487.4662 "
" 46.76612  49.25658  53.81404  60.16973  67.84369  76.0338   83.58711
  89.22679  91.93015  91.54191  86.98742  76.95143  61.40039  43.20297
  29.98571  42.38524  53.84076  42.76907 133.76855 460.47206"
" 58.65498  61.60326  66.81611  73.95361  82.44168  91.36164  99.42333
 105.18261 107.56763 106.52136 100.92843  89.32609  71.61089  50.25832
  33.17364  42.59852  55.76509  48.00558 117.99305 431.96634"
" 72.51305  76.00048  81.94984  89.94672  99.3169  109.01777 117.6141
 123.48342 125.47022 123.64118 116.87047 103.52886  83.44555  58.8229
  37.67463  42.45923  57.33668  53.39514 102.15836 402.24025"
" 88.51016  92.63331  99.41326 108.35827 118.68803 129.22839 138.39088
 144.36677 145.87446 143.12498 135.02496 119.7579   97.08293  69.06517
  43.44464  41.98629  58.57731  58.60891  86.56495 371.59077"
"106.81687 111.68922 119.40843 129.40305 140.78077 152.2282  161.99498
 168.07988 169.03068 165.21048 155.61714 138.22519 112.71653  81.08605
  50.63732  41.32521  59.49786  63.35745  71.63935 340.31883"
