"1.0000000e+00 1.0114100e+00 1.1792600e+00 1.4067900e+00 1.6668800e+00
 1.9447400e+00 2.2324300e+00 2.5253100e+00 2.8213900e+00 3.1185200e+00
 3.4157600e+00 3.7133700e+00 4.0081900e+00 4.3016200e+00 4.5955800e+00
 4.8889700e+00 5.1743700e+00 5.4589600e+00 5.7482900e+00 6.0354600e+00
 6.3158700e+00 6.5849800e+00 6.8750100e+00 7.1397600e+00 7.4174600e+00
 7.6949800e+00 7.9863700e+00 8.2612300e+00 8.5185600e+00 8.7645200e+00
 9.0188700e+00 9.3468100e+00 9.5313200e+00 9.8422600e+00 1.0102540e+01
 1.0284330e+01 1.0395290e+01 1.0831230e+01 1.1113590e+01 1.1396280e+01
 1.1635380e+01 1.1882380e+01 1.2130140e+01 1.2384970e+01 1.2658850e+01
 1.2936410e+01 1.3108620e+01 1.3308280e+01 1.3656410e+01 1.3905450e+01
 1.4068760e+01 1.4475780e+01 1.4546160e+01 1.4707770e+01 1.5152700e+01
 1.5175530e+01 1.5598490e+01 1.5602570e+01 1.6135180e+01 1.6207110e+01
 1.6551280e+01 1.6585600e+01 1.6997120e+01 1.7274010e+01 1.7398930e+01
 1.7847560e+01 1.7853640e+01 1.8525920e+01 1.8168700e+01 1.9015920e+01
 1.9518660e+01 1.9378800e+01 2.1732580e+01 3.5745327e+02 1.1000000e+03
 1.1000000e+03 1.1000000e+03 1.1000000e+03 1.1000000e+03 1.1000000e+03"
"1100.      1100.      1100.      1100.      1100.      1100.
  144.09688    4.15357    3.12166    3.33784    3.59101    3.87128
    4.15336    4.43788    4.72205    4.99901    5.27748    5.55781
    5.83678    6.11396    6.38073    6.67775    6.95407    7.22364
    7.46656    7.77803    8.04482    8.33419    8.57305    8.84003
    9.07207    9.3583     9.60075    9.88702   10.12463   10.38484
   10.66902   10.95669   11.2197    11.47329   11.73589   11.96753
   12.16231   12.37128   12.67842   12.95463   13.17623   13.32264
   13.63893   13.97301   14.08877   14.37466   14.59867   14.71852
   15.18131   15.2225    15.62623   15.69052   16.0937    16.29937
   16.47008   16.73154   16.93247   17.43009   17.32319   17.8914
   17.79599   18.51991   18.23215   18.87519   19.68466   20.02741
   22.92336  551.95486 1100.      1100.      1100.      1100.
 1100.      1100.     "
"1100.      1100.      1100.      1100.      1100.      1100.
 1100.      1100.      1100.       118.17694    4.96942    4.10721
    4.32579    4.58099    4.82918    5.09849    5.37768    5.65282
    5.93859    6.21174    6.49394    6.76044    7.00909    7.28774
    7.56868    7.83398    8.09522    8.34184    8.61571    8.89614
    9.16897    9.39819    9.67537    9.93883   10.16865   10.35863
   10.78944   11.01993   11.27077   11.5071    11.77325   12.02028
   12.26147   12.33849   12.66838   12.96818   13.22198   13.36504
   13.612     13.99915   14.11142   14.30858   14.66664   14.73568
   15.18659   15.27601   15.63358   15.79768   16.04044   16.41587
   16.36151   16.87462   16.84138   17.51063   17.28854   17.93357
   17.74375   18.46921   18.374     18.71327   19.62035   20.45508
   22.27247  825.24594 1100.      1100.      1100.      1100.
 1100.      1100.     "
"1100.      1100.      1100.      1100.      1100.      1100.
 1100.      1100.      1100.      1100.      1100.       212.9311
    9.15609    4.81256    4.9917     5.2414     5.5063     5.75325
    6.00242    6.2799     6.54836    6.81357    7.08613    7.34366
    7.64176    7.88004    8.16371    8.40681    8.65717    8.9379
    9.23472    9.4259     9.75021    9.9596    10.17147   10.32183
   10.76382   11.03957   11.283     11.53756   11.78547   12.03873
   12.34292   12.39229   12.67307   12.94569   13.26038   13.4319
   13.62629   13.98712   14.21443   14.33124   14.7264    14.75379
   15.18634   15.33261   15.61791   15.91119   16.04135   16.48277
   16.27315   16.97172   16.8503    17.52228   17.30987   17.89747
   17.78235   18.46402   18.60664   18.6019    19.46003   20.51467
   24.81729 1100.      1100.      1100.      1100.      1100.
 1100.      1100.     "
"1100.      1100.      1100.      1100.      1100.      1100.
 1100.      1100.      1100.      1100.      1100.      1100.
 1100.       114.30443    8.23342    5.43564    5.61399    5.85936
    6.13639    6.39087    6.6198     6.89918    7.16806    7.42411
    7.67615    7.94431    8.20651    8.48323    8.73775    8.98201
    9.25951    9.4911     9.76836    9.97325   10.28701   10.56604
   10.8223    11.0782    11.32471   11.56101   11.80924   12.02371
   12.401     12.46922   12.70054   12.9458    13.27191   13.49817
   13.64446   13.99571   14.35801   14.35182   14.7502    14.8128
   15.17773   15.40558   15.58775   15.98686   16.05421   16.49003
   16.26607   17.01387   16.87765   17.48249   17.3335    17.84263
   17.9354    18.36692   18.79724   18.52194   19.22866   20.14331
   52.05935 1100.      1100.      1100.      1100.      1100.
 1100.      1100.     "
"1100.      1100.      1100.      1100.      1100.      1100.
 1100.      1100.      1100.      1100.      1100.      1100.
 1100.      1100.       544.47683   39.04031    6.38631    6.00965
    6.2142     6.46793    6.73639    6.97766    7.23298    7.48295
    7.73192    8.02848    8.27886    8.54198    8.80728    9.02612
    9.29329    9.55723    9.78771   10.04063   10.23268   10.61546
   10.81159   11.06415   11.31003   11.54582   11.79856   12.02119
   12.4328    12.54477   12.74371   12.96187   13.2705    13.55528
   13.66582   14.00027   14.40351   14.35215   14.75568   14.89752
   15.15848   15.46576   15.54729   16.02307   16.0405    16.44759
   16.36791   16.99605   16.9174    17.44905   17.36978   17.79586
   18.09127   18.20424   18.85715   18.50442   18.98003   19.63651
   99.9552  1100.      1100.      1100.      1100.      1100.
 1100.      1100.     "
"1100.      1100.      1100.      1100.      1100.      1100.
 1100.      1100.      1100.      1100.      1100.      1100.
 1100.      1100.      1100.      1100.       115.69245   12.78037
    6.49849    6.57856    6.79478    7.04622    7.30042    7.56983
    7.83677    8.0666     8.31655    8.57562    8.83782    9.09366
    9.31286    9.61698    9.80292   10.06476   10.21183   10.56801
   10.81126   11.07985   11.31486   11.56941   11.77668   12.04785
   12.43599   12.59764   12.7867    12.96384   13.28914   13.59689
   13.74089   13.99274   14.3481    14.3839    14.75103   14.93226
   15.13107   15.48853   15.50551   16.0056    16.06225   16.37333
   16.48831   16.94645   17.01422   17.42716   17.49394   17.72086
   18.20663   18.05316   18.90261   18.81614   18.79511   19.50655
  175.30307 1100.      1100.      1100.      1100.      1100.
 1100.      1100.     "
"1100.      1100.      1100.      1100.      1100.      1100.
 1100.      1100.      1100.      1100.      1100.      1100.
 1100.      1100.      1100.      1100.      1100.       262.3962
   25.41392    7.17048    6.94194    7.15271    7.39229    7.61898
    7.89855    8.12105    8.37409    8.63313    8.88215    9.1489
    9.37289    9.63579    9.85213   10.17106   10.45036   10.62928
   10.85775   11.10137   11.34381   11.59654   11.8062    12.0444
   12.43042   12.63732   12.85013   13.00365   13.29033   13.62592
   13.80062   14.01445   14.33831   14.46371   14.7286    14.97692
   15.11373   15.47283   15.50731   15.93983   16.10121   16.31171
   16.60869   16.87857   17.11912   17.39838   17.62038   17.64185
   18.34392   17.9969    18.85239   19.20909   18.92891   20.62557
  288.75664 1100.      1100.      1100.      1100.      1100.
 1100.      1100.     "
"1100.      1100.      1100.      1100.      1100.      1100.
 1100.      1100.      1100.      1100.      1100.      1100.
 1100.      1100.      1100.      1100.      1100.      1100.
  464.6046    42.64275    8.99233    7.32343    7.46994    7.71552
    7.92009    8.18237    8.45786    8.6943     8.92235    9.20124
    9.43407    9.68399    9.92957   10.06693   10.46873   10.65086
   10.88089   11.14954   11.395     11.61117   11.82476   12.07779
   12.41619   12.64564   12.90193   13.07546   13.28721   13.63253
   13.85639   14.12757   14.35508   14.53511   14.71867   15.01167
   15.12813   15.47878   15.5319    15.92208   16.11127   16.33405
   16.71344   16.84176   17.21926   17.34829   17.74952   17.59636
   18.46388   18.06553   18.7144    19.44688   19.43172   22.37442
  454.10925 1100.      1100.      1100.      1100.      1100.
 1100.      1100.     "
"1100.      1100.      1100.      1100.      1100.      1100.
 1100.      1100.      1100.      1100.      1100.      1100.
 1100.      1100.      1100.      1100.      1100.      1100.
 1100.       686.63572   62.48382   11.35845    7.66668    7.79708
    8.00383    8.27309    8.51392    8.76064    8.99253    9.22547
    9.5181     9.70051    9.98384   10.10849   10.45166   10.7239
   10.97507   11.24645   11.49327   11.70835   11.93478   12.13545
   12.40847   12.64975   12.94722   13.14629   13.31934   13.6353
   13.928     14.20059   14.34362   14.5856    14.74029   15.02486
   15.15977   15.47434   15.59187   15.97241   16.11841   16.36961
   16.79694   16.81396   17.29666   17.28719   17.83326   17.57399
   18.49552   18.13769   18.54487   19.58863   20.103     22.54887
  688.93935 1100.      1100.      1100.      1100.      1100.
 1100.      1100.     "
"1100.      1100.      1100.      1100.      1100.      1100.
 1100.      1100.      1100.      1100.      1100.      1100.
 1100.      1100.      1100.      1100.      1100.      1100.
 1100.      1100.       837.23792   82.75131   13.4407     8.022
    8.14698    8.33542    8.56649    8.8087     9.06084    9.28475
    9.53639    9.76186   10.05798   10.33535   10.52679   10.78787
   11.058     11.32429   11.55382   11.7978    12.03528   12.24095
   12.42057   12.66539   12.9731    13.21456   13.34565   13.64115
   13.97617   14.14234   14.32861   14.63205   14.74948   15.01496
   15.18702   15.49473   15.69623   15.9674    16.1709    16.38801
   16.84077   16.77406   17.32598   17.25472   17.85761   17.59189
   18.41656   18.28961   18.41797   19.52086   20.37419   21.94195
 1100.      1100.      1100.      1100.      1100.      1100.
 1100.      1100.     "
"1100.      1100.      1100.      1100.      1100.      1100.
 1100.      1100.      1100.      1100.      1100.      1100.
 1100.      1100.      1100.      1100.      1100.      1100.
 1100.      1100.      1100.       928.33968   97.8332    14.77333
    8.42334    8.43888    8.62448    8.85726    9.10725    9.34225
    9.56818    9.8133     9.89295   10.30024   10.5463    10.81124
   11.08035   11.35106   11.58747   11.82959   12.08949   12.32008
   12.44863   12.68613   12.99258   13.26887   13.40487   13.64639
   14.01274   14.10444   14.35962   14.65906   14.75636   15.02378
   15.23104   15.49181   15.81483   15.9056    16.27076   16.37945
   16.86087   16.74808   17.31313   17.26004   17.84013   17.71224
   18.26155   18.55034   18.26811   19.29042   20.19744   37.13901
 1100.      1100.      1100.      1100.      1100.      1100.
 1100.      1100.     "
"1100.      1100.      1100.      1100.      1100.      1100.
 1100.      1100.      1100.      1100.      1100.      1100.
 1100.      1100.      1100.      1100.      1100.      1100.
 1100.      1100.      1100.      1100.       926.13092  102.33514
   15.36018    8.76236    8.73136    8.91438    9.15913    9.42136
    9.55814    9.88797   10.03013   10.33932   10.62411   10.8584
   11.13447   11.36976   11.61432   11.85365   12.1175    12.36973
   12.45537   12.68924   12.99773   13.29873   13.47636   13.61968
   14.10465   14.16385   14.37675   14.67758   14.77294   15.04331
   15.29567   15.46081   15.8976    15.83013   16.36693   16.34785
   16.88291   16.78272   17.27769   17.2807    17.77774   17.89084
   18.15712   18.73101   18.33417   19.01743   19.708     75.57921
 1100.      1100.      1100.      1100.      1100.      1100.
 1100.      1100.     "
"1100.      1100.      1100.      1100.      1100.      1100.
 1100.      1100.      1100.      1100.      1100.      1100.
 1100.      1100.      1100.      1100.      1100.      1100.
 1100.      1100.      1100.      1100.      1100.       830.68453
   97.96318   15.29874    9.1036     9.03575    9.20162    9.47803
    9.66319    9.8801    10.18753   10.42724   10.67577   10.87509
   11.11956   11.37508   11.62207   11.87946   12.12401   12.40795
   12.53167   12.71463   12.99335   13.31065   13.5324    13.62951
   14.17976   14.22081   14.36495   14.67638   14.82276   15.0317
   15.36692   15.42966   15.94641   15.78819   16.44255   16.35429
   16.87065   16.84128   17.24141   17.33066   17.7051    18.05829
   18.08782   18.79575   18.54848   18.73598   19.308    137.83838
 1100.      1100.      1100.      1100.      1100.      1100.
 1100.      1100.     "
"1100.      1100.      1100.      1100.      1100.      1100.
 1100.      1100.      1100.      1100.      1100.      1100.
 1100.      1100.      1100.      1100.      1100.      1100.
 1100.      1100.      1100.      1100.      1100.      1100.
  696.24627   88.94175   14.74037    9.37275    9.31513    9.51917
    9.71769    9.76122   10.14264   10.43585   10.68076   10.90072
   11.12291   11.36497   11.61352   11.86323   12.11428   12.42888
   12.56439   12.78493   12.98712   13.28877   13.58502   13.69611
   14.10129   14.2454    14.36779   14.66693   14.8735    15.00844
   15.41996   15.40809   15.97021   15.7948    16.46538   16.41466
   16.82405   16.90193   17.20213   17.44872   17.63045   18.18003
   18.00805   18.7804    18.82373   18.7263    19.67266  233.46676
 1100.      1100.      1100.      1100.      1100.      1100.
 1100.      1100.     "
"1100.      1100.      1100.      1100.      1100.      1100.
 1100.      1100.      1100.      1100.      1100.      1100.
 1100.      1100.      1100.      1100.      1100.      1100.
 1100.      1100.      1100.      1100.      1100.      1100.
 1100.       575.44511   76.04197   13.79694    9.5987     9.5921
    9.82648   10.03019   10.28423   10.50627   10.73619   10.90882
   11.1425    11.38974   11.62305   11.86324   12.10184   12.4289
   12.60121   12.8512    13.02094   13.25254   13.61815   13.78061
   13.95186   14.27327   14.38935   14.64404   14.93787   15.01665
   15.42455   15.41832   15.92808   15.93803   16.42645   16.49064
   16.76996   17.02259   17.15467   17.58675   17.56048   18.24113
   17.92956   18.67966   19.11625   19.03892   21.49226  375.02244
 1100.      1100.      1100.      1100.      1100.      1100.
 1100.      1100.     "
"1100.      1100.      1100.      1100.      1100.      1100.
 1100.      1100.      1100.      1100.      1100.      1100.
 1100.      1100.      1100.      1100.      1100.      1100.
 1100.      1100.      1100.      1100.      1100.      1100.
 1100.      1100.       453.60733   60.85388   12.84022    9.79731
    9.79089   10.0895    10.34601   10.56137   10.7203    10.94278
   11.1725    11.41574   11.67065   11.88576   12.10717   12.42643
   12.61109   12.91618   13.05771   13.25674   13.58903   13.92124
   13.90393   14.31805   14.44189   14.6426    15.01006   15.03935
   15.43053   15.47422   15.81608   16.07842   16.37888   16.59644
   16.70177   17.15906   17.10369   17.68297   17.47987   18.22677
   18.00696   18.5112    19.29512   19.69977   22.57705  578.63222
 1100.      1100.      1100.      1100.      1100.      1100.
 1100.      1100.     "
"1100.      1100.      1100.      1100.      1100.      1100.
 1100.      1100.      1100.      1100.      1100.      1100.
 1100.      1100.      1100.      1100.      1100.      1100.
 1100.      1100.      1100.      1100.      1100.      1100.
 1100.      1100.      1100.       337.49726   46.85353   12.00038
    9.88576   10.12746   10.39171   10.58192   10.79452   11.01915
   11.24524   11.47421   11.71798   11.92974   12.13164   12.44441
   12.62059   12.92885   13.12256   13.28164   13.58131   14.09826
   13.91305   14.3284    14.49484   14.63537   15.04623   15.07266
   15.42022   15.51099   15.79105   16.1828    16.33677   16.70288
   16.64713   17.25069   17.03935   17.73953   17.43423   18.16839
   18.0935    18.3122    19.27704   20.21729   21.80111  864.74981
 1100.      1100.      1100.      1100.      1100.      1100.
 1100.      1100.     "
"1100.      1100.      1100.      1100.      1100.      1100.
 1100.      1100.      1100.      1100.      1100.      1100.
 1100.      1100.      1100.      1100.      1100.      1100.
 1100.      1100.      1100.      1100.      1100.      1100.
 1100.      1100.      1100.      1100.       244.19247   34.53662
   11.47871   10.3206    10.45325   10.6015    10.8349    11.1109
   11.33567   11.54431   11.78461   11.99465   12.20961   12.47633
   12.63551   12.93349   13.17941   13.31112   13.59671   14.13809
   13.9286    14.2982    14.58326   14.61628   15.07342   15.12721
   15.45703   15.52937   15.84316   16.24112   16.33169   16.763
   16.66606   17.28192   17.03291   17.75808   17.51175   18.10745
   18.25764   18.26934   19.1659    20.26153   26.19927 1100.
 1100.      1100.      1100.      1100.      1100.      1100.
 1100.      1100.     "
"1100.      1100.      1100.      1100.      1100.      1100.
 1100.      1100.      1100.      1100.      1100.      1100.
 1100.      1100.      1100.      1100.      1100.      1100.
 1100.      1100.      1100.      1100.      1100.      1100.
 1100.      1100.      1100.      1100.      1100.       168.13625
   25.31914   11.26496   10.45926   10.65696   10.87599   11.149
   11.40383   11.6197    11.85071   12.05495   12.25653   12.52629
   12.67844   12.95651   13.20619   13.36659   13.62206   14.01203
   13.99952   14.28205   14.65772   14.66393   15.0712    15.20177
   15.44141   15.6184    15.88633   16.27385   16.31718   16.76281
   16.65733   17.26178   17.0676    17.74757   17.67606   18.01089
   18.49188   18.24238   18.90463   19.88944   56.48533 1100.
 1100.      1100.      1100.      1100.      1100.      1100.
 1100.      1100.     "
"1100.      1100.      1100.      1100.      1100.      1100.
 1100.      1100.      1100.      1100.      1100.      1100.
 1100.      1100.      1100.      1100.      1100.      1100.
 1100.      1100.      1100.      1100.      1100.      1100.
 1100.      1100.      1100.      1100.      1100.       674.29368
  112.7217    19.09612   11.09076   10.7399    10.98838   11.17331
   11.43464   11.67756   11.90204   12.12131   12.33223   12.57857
   12.71207   12.96588   13.24778   13.44077   13.69871   13.92255
   14.12942   14.26089   14.67433   14.71994   15.04868   15.27798
   15.38491   15.74018   15.89873   16.29067   16.27176   16.75585
   16.65982   17.20769   17.1391    17.68235   17.79247   17.86475
   18.62056   18.28922   18.62298   19.3823   108.08172 1100.
 1100.      1100.      1100.      1100.      1100.      1100.
 1100.      1100.     "
"1100.      1100.      1100.      1100.      1100.      1100.
 1100.      1100.      1100.      1100.      1100.      1100.
 1100.      1100.      1100.      1100.      1100.      1100.
 1100.      1100.      1100.      1100.      1100.      1100.
 1100.      1100.      1100.      1100.      1100.      1100.
  438.45189   76.54137   14.91846   11.1357    11.03749   11.21191
   11.42806   11.69913   11.94016   12.16324   12.37335   12.62143
   12.75249   12.97607   13.28527   13.48782   13.87616   13.89986
   14.22207   14.25976   14.65828   14.79363   15.01306   15.3447
   15.32498   15.81777   15.88396   16.2907    16.26571   16.74749
   16.68832   17.1676    17.26768   17.59752   17.88288   17.79971
   18.72096   18.54451   18.43903   19.2625   189.22278 1100.
 1100.      1100.      1100.      1100.      1100.      1100.
 1100.      1100.     "
"1100.      1100.      1100.      1100.      1100.      1100.
 1100.      1100.      1100.      1100.      1100.      1100.
 1100.      1100.      1100.      1100.      1100.      1100.
 1100.      1100.      1100.      1100.      1100.      1100.
 1100.      1100.      1100.      1100.      1100.      1100.
 1100.       295.77036   48.63236   12.909     11.214     11.23364
   11.42784   11.67884   11.95347   12.20402   12.41522   12.65436
   12.78981   12.98013   13.3198    13.57089   13.9604    13.87918
   14.25141   14.3184    14.67421   14.84889   14.99868   15.35751
   15.27038   15.85293   15.86607   16.28657   16.31128   16.71102
   16.78184   17.12532   17.36902   17.52102   17.95901   17.75756
   18.66418   18.89014   18.59291   20.34942  311.50089 1100.
 1100.      1100.      1100.      1100.      1100.      1100.
 1100.      1100.     "
"1100.      1100.      1100.      1100.      1100.      1100.
 1100.      1100.      1100.      1100.      1100.      1100.
 1100.      1100.      1100.      1100.      1100.      1100.
 1100.      1100.      1100.      1100.      1100.      1100.
 1100.      1100.      1100.      1100.      1100.      1100.
 1100.       960.28117  182.11832   31.66057   12.1425    11.30492
   11.47665   11.67532   11.91485   12.19136   12.43596   12.68639
   12.84139   12.98149   13.3554    13.63824   13.86603   13.87707
   14.28075   14.35444   14.66688   14.89379   15.03245   15.32287
   15.2482    15.85097   15.89374   16.26949   16.37598   16.66294
   16.93648   17.07403   17.49851   17.50303   18.06719   17.75208
   18.5364    19.1093    19.15492   22.17786  489.94433 1100.
 1100.      1100.      1100.      1100.      1100.      1100.
 1100.      1100.     "
"1100.      1100.      1100.      1100.      1100.      1100.
 1100.      1100.      1100.      1100.      1100.      1100.
 1100.      1100.      1100.      1100.      1100.      1100.
 1100.      1100.      1100.      1100.      1100.      1100.
 1100.      1100.      1100.      1100.      1100.      1100.
 1100.      1100.       581.24648  115.06967   21.20903   11.91158
   11.50379   11.743     11.92592   12.16992   12.43719   12.71915
   12.90143   13.02133   13.33511   13.71303   13.78252   13.92461
   14.27386   14.3884    14.65372   14.9249    15.04524   15.25542
   15.3479    15.79306   15.97742   16.22381   16.48985   16.65386
   17.09964   17.02127   17.58444   17.4799    18.09479   17.86247
   18.41714   19.25209   19.7522    22.19592  743.75061 1100.
 1100.      1100.      1100.      1100.      1100.      1100.
 1100.      1100.     "
"1100.      1100.      1100.      1100.      1100.      1100.
 1100.      1100.      1100.      1100.      1100.      1100.
 1100.      1100.      1100.      1100.      1100.      1100.
 1100.      1100.      1100.      1100.      1100.      1100.
 1100.      1100.      1100.      1100.      1100.      1100.
 1100.      1100.      1100.       369.02326   71.24072   15.32516
   11.90297   11.77023   12.00733   12.1799    12.40513   12.71602
   12.96056   13.10848   13.28086   13.85717   13.79042   13.96236
   14.2672    14.47332   14.65154   14.97967   15.02181   15.22671
   15.48679   15.7209    16.0571    16.15632   16.5661    16.59946
   17.18431   16.96747   17.60564   17.39546   18.0346    18.01362
   18.28841   19.1615    20.02363   21.9914  1100.      1100.
 1100.      1100.      1100.      1100.      1100.      1100.
 1100.      1100.     "
"1100.      1100.      1100.      1100.      1100.      1100.
 1100.      1100.      1100.      1100.      1100.      1100.
 1100.      1100.      1100.      1100.      1100.      1100.
 1100.      1100.      1100.      1100.      1100.      1100.
 1100.      1100.      1100.      1100.      1100.      1100.
 1100.      1100.      1100.      1100.       229.35462   42.08662
   13.0653    11.98258   12.03232   12.23524   12.40061   12.69083
   12.98842   13.21148   13.295     13.91978   13.80004   13.98778
   14.24869   14.54606   14.63911   14.99265   14.99555   15.27781
   15.55505   15.70187   16.1258    16.14219   16.63099   16.57068
   17.20018   16.93471   17.58601   17.28964   17.95336   18.24392
   18.13753   18.92151   19.83074   41.37854 1100.      1100.
 1100.      1100.      1100.      1100.      1100.      1100.
 1100.      1100.     "
"1100.      1100.      1100.      1100.      1100.      1100.
 1100.      1100.      1100.      1100.      1100.      1100.
 1100.      1100.      1100.      1100.      1100.      1100.
 1100.      1100.      1100.      1100.      1100.      1100.
 1100.      1100.      1100.      1100.      1100.      1100.
 1100.      1100.      1100.      1100.       645.07628  133.1452
   25.92474   12.57355   12.13178   12.29679   12.44774   12.68253
   12.96619   13.28915   13.37248   13.78052   13.80739   14.00468
   14.25154   14.56453   14.64018   14.95146   15.012     15.30969
   15.60148   15.70117   16.19578   16.13044   16.66645   16.57011
   17.15472   16.99386   17.56532   17.44087   17.86497   18.43
   18.08382   18.68065   19.3164    84.04662 1100.      1100.
 1100.      1100.      1100.      1100.      1100.      1100.
 1100.      1100.     "
"1100.      1100.      1100.      1100.      1100.      1100.
 1100.      1100.      1100.      1100.      1100.      1100.
 1100.      1100.      1100.      1100.      1100.      1100.
 1100.      1100.      1100.      1100.      1100.      1100.
 1100.      1100.      1100.      1100.      1100.      1100.
 1100.      1100.      1100.      1100.      1100.       374.33631
   78.36408   17.39223   12.55952   12.35122   12.53837   12.7159
   12.94283   13.29493   13.51271   13.58503   13.87487   14.04414
   14.25485   14.59039   14.70138   14.89305   15.11648   15.27284
   15.69498   15.69508   16.23515   16.12683   16.67151   16.57908
   17.09599   17.05464   17.54716   17.64447   17.76328   18.46996
   18.16739   18.46953   18.929    153.11791 1100.      1100.
 1100.      1100.      1100.      1100.      1100.      1100.
 1100.      1100.     "
"1100.      1100.      1100.      1100.      1100.      1100.
 1100.      1100.      1100.      1100.      1100.      1100.
 1100.      1100.      1100.      1100.      1100.      1100.
 1100.      1100.      1100.      1100.      1100.      1100.
 1100.      1100.      1100.      1100.      1100.      1100.
 1100.      1100.      1100.      1100.      1100.       942.42655
  221.94774   46.03887   13.82096   12.61506   12.60248   12.80007
   12.94973   13.25918   13.73632   13.53479   13.92012   14.08421
   14.22589   14.62389   14.72168   14.84845   15.23956   15.25618
   15.78026   15.69989   16.23847   16.16967   16.69459   16.63839
   17.07489   17.14471   17.45944   17.81967   17.67489   18.4434
   18.51521   18.42963   19.47685  259.42996 1100.      1100.
 1100.      1100.      1100.      1100.      1100.      1100.
 1100.      1100.     "
"1100.      1100.      1100.      1100.      1100.      1100.
 1100.      1100.      1100.      1100.      1100.      1100.
 1100.      1100.      1100.      1100.      1100.      1100.
 1100.      1100.      1100.      1100.      1100.      1100.
 1100.      1100.      1100.      1100.      1100.      1100.
 1100.      1100.      1100.      1100.      1100.      1100.
  562.2519   130.81385   27.28387   13.05828   12.71483   12.86673
   13.00038   13.2568    13.8877    13.53967   13.90542   14.1564
   14.2006    14.63912   14.7168    14.85624   15.32449   15.31064
   15.83087   15.74571   16.23711   16.24308   16.7115    16.73683
   17.01662   17.25986   17.33992   17.90553   17.64097   18.39779
   18.90546   18.71142   21.32965  417.21198 1100.      1100.
 1100.      1100.      1100.      1100.      1100.      1100.
 1100.      1100.     "
"1100.      1100.      1100.      1100.      1100.      1100.
 1100.      1100.      1100.      1100.      1100.      1100.
 1100.      1100.      1100.      1100.      1100.      1100.
 1100.      1100.      1100.      1100.      1100.      1100.
 1100.      1100.      1100.      1100.      1100.      1100.
 1100.      1100.      1100.      1100.      1100.      1100.
 1100.       336.03327   75.06176   17.67045   13.07332   12.88958
   13.06847   13.31699   13.82382   13.56919   13.89223   14.234
   14.24193   14.59363   14.74809   14.90771   15.36701   15.35271
   15.84621   15.83182   16.19271   16.30051   16.65646   16.85746
   16.94107   17.38464   17.26377   17.97139   17.68126   18.24847
   19.11967   19.33502   22.11413  644.80073 1100.      1100.
 1100.      1100.      1100.      1100.      1100.      1100.
 1100.      1100.     "
"1100.      1100.      1100.      1100.      1100.      1100.
 1100.      1100.      1100.      1100.      1100.      1100.
 1100.      1100.      1100.      1100.      1100.      1100.
 1100.      1100.      1100.      1100.      1100.      1100.
 1100.      1100.      1100.      1100.      1100.      1100.
 1100.      1100.      1100.      1100.      1100.      1100.
 1100.       784.85963  195.64305   42.5313    14.01594   13.11431
   13.07283   13.44028   13.64521   13.69083   13.86163   14.26747
   14.32756   14.52001   14.84408   14.93177   15.36719   15.38775
   15.82311   15.91536   16.12254   16.37309   16.58544   16.97878
   16.86333   17.51823   17.23197   17.98674   17.78988   18.02033
   19.12698   19.79573   21.28447  965.52317 1100.      1100.
 1100.      1100.      1100.      1100.      1100.      1100.
 1100.      1100.     "
"1100.      1100.      1100.      1100.      1100.      1100.
 1100.      1100.      1100.      1100.      1100.      1100.
 1100.      1100.      1100.      1100.      1100.      1100.
 1100.      1100.      1100.      1100.      1100.      1100.
 1100.      1100.      1100.      1100.      1100.      1100.
 1100.      1100.      1100.      1100.      1100.      1100.
 1100.      1100.       463.50794  111.03589   24.76386   13.413
   13.11443   13.62716   13.59926   13.81587   13.868     14.28789
   14.41082   14.48347   14.96978   14.94318   15.31247   15.44278
   15.77793   15.96968   16.10736   16.45071   16.54632   17.05982
   16.85317   17.57632   17.20825   17.91474   17.9574    17.9463
   18.99323   19.84299   29.51559 1100.      1100.      1100.
 1100.      1100.      1100.      1100.      1100.      1100.
 1100.      1100.     "
"1100.      1100.      1100.      1100.      1100.      1100.
 1100.      1100.      1100.      1100.      1100.      1100.
 1100.      1100.      1100.      1100.      1100.      1100.
 1100.      1100.      1100.      1100.      1100.      1100.
 1100.      1100.      1100.      1100.      1100.      1100.
 1100.      1100.      1100.      1100.      1100.      1100.
 1100.      1100.      1100.       267.24287   61.64898   16.50382
   13.42712   13.74585   13.58491   13.8709    13.90429   14.24851
   14.46819   14.52227   15.00611   14.98319   15.30167   15.49877
   15.74007   16.0355    16.09225   16.51854   16.52439   17.09338
   16.83077   17.52893   17.2609    17.81918   18.20268   17.8623
   18.71451   19.47865   63.41205 1100.      1100.      1100.
 1100.      1100.      1100.      1100.      1100.      1100.
 1100.      1100.     "
"1100.      1100.      1100.      1100.      1100.      1100.
 1100.      1100.      1100.      1100.      1100.      1100.
 1100.      1100.      1100.      1100.      1100.      1100.
 1100.      1100.      1100.      1100.      1100.      1100.
 1100.      1100.      1100.      1100.      1100.      1100.
 1100.      1100.      1100.      1100.      1100.      1100.
 1100.      1100.      1100.       591.72205  150.24813   34.63273
   13.96723   13.79345   13.52646   13.95828   13.99164   14.15863
   14.53785   14.59973   14.98197   15.04977   15.33391   15.51803
   15.72704   16.09238   16.10187   16.59237   16.50956   17.0701
   16.84804   17.41414   17.45811   17.70561   18.3964    17.94653
   18.43615   18.9191   119.97542 1100.      1100.      1100.
 1100.      1100.      1100.      1100.      1100.      1100.
 1100.      1100.     "
"1100.      1100.      1100.      1100.      1100.      1100.
 1100.      1100.      1100.      1100.      1100.      1100.
 1100.      1100.      1100.      1100.      1100.      1100.
 1100.      1100.      1100.      1100.      1100.      1100.
 1100.      1100.      1100.      1100.      1100.      1100.
 1100.      1100.      1100.      1100.      1100.      1100.
 1100.      1100.      1100.      1100.       337.95154   83.89739
   21.06538   13.86956   13.62555   13.93036   14.02359   14.13548
   14.58578   14.64539   14.9724    15.14222   15.31023   15.58211
   15.6864    16.09972   16.0838    16.62012   16.4973    17.01734
   16.95602   17.35282   17.65428   17.58122   18.47628   18.17366
   18.30452   18.88682  208.56456 1100.      1100.      1100.
 1100.      1100.      1100.      1100.      1100.      1100.
 1100.      1100.     "
"1100.      1100.      1100.      1100.      1100.      1100.
 1100.      1100.      1100.      1100.      1100.      1100.
 1100.      1100.      1100.      1100.      1100.      1100.
 1100.      1100.      1100.      1100.      1100.      1100.
 1100.      1100.      1100.      1100.      1100.      1100.
 1100.      1100.      1100.      1100.      1100.      1100.
 1100.      1100.      1100.      1100.       707.58457  192.4902
   47.2083    15.16504   13.85609   13.84722   14.09635   14.22586
   14.58551   14.66548   14.97077   15.19472   15.27844   15.61422
   15.66349   16.09772   16.06116   16.56494   16.54976   16.94426
   17.13347   17.31897   17.78248   17.48166   18.44167   18.54619
   18.40501   20.34767  341.76677 1100.      1100.      1100.
 1100.      1100.      1100.      1100.      1100.      1100.
 1100.      1100.     "
"1100.      1100.      1100.      1100.      1100.      1100.
 1100.      1100.      1100.      1100.      1100.      1100.
 1100.      1100.      1100.      1100.      1100.      1100.
 1100.      1100.      1100.      1100.      1100.      1100.
 1100.      1100.      1100.      1100.      1100.      1100.
 1100.      1100.      1100.      1100.      1100.      1100.
 1100.      1100.      1100.      1100.      1100.       410.30367
  109.57309   26.69501   14.01622   13.96019   14.16663   14.28719
   14.55486   14.73086   14.97027   15.18753   15.2933    15.62307
   15.70072   16.07815   16.08694   16.49525   16.64474   16.86633
   17.27643   17.23677   17.84595   17.45619   18.31609   18.7485
   18.95307   21.89724  535.92388 1100.      1100.      1100.
 1100.      1100.      1100.      1100.      1100.      1100.
 1100.      1100.     "
"1100.      1100.      1100.      1100.      1100.      1100.
 1100.      1100.      1100.      1100.      1100.      1100.
 1100.      1100.      1100.      1100.      1100.      1100.
 1100.      1100.      1100.      1100.      1100.      1100.
 1100.      1100.      1100.      1100.      1100.      1100.
 1100.      1100.      1100.      1100.      1100.      1100.
 1100.      1100.      1100.      1100.      1100.       821.71343
  239.00874   60.18903   17.13093   14.16227   14.17783   14.29535
   14.56364   14.79054   14.94754   15.20571   15.30857   15.65827
   15.74157   16.0422    16.14716   16.42743   16.7554    16.84777
   17.34732   17.11461   17.86277   17.45969   18.15872   18.87457
   19.57013   21.58384  811.89977 1100.      1100.      1100.
 1100.      1100.      1100.      1100.      1100.      1100.
 1100.      1100.     "
"1100.      1100.      1100.      1100.      1100.      1100.
 1100.      1100.      1100.      1100.      1100.      1100.
 1100.      1100.      1100.      1100.      1100.      1100.
 1100.      1100.      1100.      1100.      1100.      1100.
 1100.      1100.      1100.      1100.      1100.      1100.
 1100.      1100.      1100.      1100.      1100.      1100.
 1100.      1100.      1100.      1100.      1100.      1100.
  488.1248   133.86921   32.8677    14.40861   14.33718   14.313
   14.59403   14.85391   14.91601   15.28289   15.33407   15.66342
   15.79798   16.01015   16.25239   16.40049   16.8737    16.83851
   17.40814   17.08902   17.83144   17.55306   17.96697   18.79959
   19.79848   22.70272 1100.      1100.      1100.      1100.
 1100.      1100.      1100.      1100.      1100.      1100.
 1100.      1100.     "
"1100.      1100.      1100.      1100.      1100.      1100.
 1100.      1100.      1100.      1100.      1100.      1100.
 1100.      1100.      1100.      1100.      1100.      1100.
 1100.      1100.      1100.      1100.      1100.      1100.
 1100.      1100.      1100.      1100.      1100.      1100.
 1100.      1100.      1100.      1100.      1100.      1100.
 1100.      1100.      1100.      1100.      1100.      1100.
  943.35087  279.69343   72.14997   19.6638    14.46807   14.38558
   14.57016   14.92835   14.9296    15.27781   15.38722   15.65316
   15.87678   15.98458   16.3985    16.37333   16.97613   16.82012
   17.42678   17.10448   17.74511   17.85075   17.87451   18.58371
   19.57283   47.81884 1100.      1100.      1100.      1100.
 1100.      1100.      1100.      1100.      1100.      1100.
 1100.      1100.     "
"1100.      1100.      1100.      1100.      1100.      1100.
 1100.      1100.      1100.      1100.      1100.      1100.
 1100.      1100.      1100.      1100.      1100.      1100.
 1100.      1100.      1100.      1100.      1100.      1100.
 1100.      1100.      1100.      1100.      1100.      1100.
 1100.      1100.      1100.      1100.      1100.      1100.
 1100.      1100.      1100.      1100.      1100.      1100.
 1100.       550.46335  153.10842   38.82375   15.13014   14.60203
   14.51458   14.95763   14.95191   15.20672   15.46042   15.63535
   15.96699   15.91167   16.4773    16.33538   17.00411   16.79779
   17.39745   17.17283   17.63229   18.11078   17.79029   18.32892
   19.04083   95.28036 1100.      1100.      1100.      1100.
 1100.      1100.      1100.      1100.      1100.      1100.
 1100.      1100.     "
"1100.      1100.      1100.      1100.      1100.      1100.
 1100.      1100.      1100.      1100.      1100.      1100.
 1100.      1100.      1100.      1100.      1100.      1100.
 1100.      1100.      1100.      1100.      1100.      1100.
 1100.      1100.      1100.      1100.      1100.      1100.
 1100.      1100.      1100.      1100.      1100.      1100.
 1100.      1100.      1100.      1100.      1100.      1100.
 1100.      1100.       306.33933   82.09658   22.67352   14.69919
   14.57039   14.94651   14.9703    15.22233   15.50763   15.60069
   16.04185   15.85181   16.50141   16.33109   17.00422   16.77835
   17.33516   17.33355   17.50362   18.21242   17.94759   18.11932
   18.71532  171.46568 1100.      1100.      1100.      1100.
 1100.      1100.      1100.      1100.      1100.      1100.
 1100.      1100.     "
"1100.      1100.      1100.      1100.      1100.      1100.
 1100.      1100.      1100.      1100.      1100.      1100.
 1100.      1100.      1100.      1100.      1100.      1100.
 1100.      1100.      1100.      1100.      1100.      1100.
 1100.      1100.      1100.      1100.      1100.      1100.
 1100.      1100.      1100.      1100.      1100.      1100.
 1100.      1100.      1100.      1100.      1100.      1100.
 1100.      1100.       580.78424  166.78968   45.30249   16.01292
   14.73996   14.92646   15.04686   15.22975   15.55661   15.56582
   16.07737   15.8768    16.50647   16.36132   16.98537   16.86606
   17.27564   17.53629   17.39407   18.24712   18.20302   18.0767
   19.29465  288.14667 1100.      1100.      1100.      1100.
 1100.      1100.      1100.      1100.      1100.      1100.
 1100.      1100.     "
"1100.      1100.      1100.      1100.      1100.      1100.
 1100.      1100.      1100.      1100.      1100.      1100.
 1100.      1100.      1100.      1100.      1100.      1100.
 1100.      1100.      1100.      1100.      1100.      1100.
 1100.      1100.      1100.      1100.      1100.      1100.
 1100.      1100.      1100.      1100.      1100.      1100.
 1100.      1100.      1100.      1100.      1100.      1100.
 1100.      1100.      1100.       321.04758   93.47223   25.31323
   14.79846   14.98045   15.14467   15.23772   15.63006   15.55259
   16.08224   15.93309   16.49878   16.46969   16.95524   17.02922
   17.13372   17.68163   17.34716   18.18119   18.58586   18.46734
   21.30839  460.74172 1100.      1100.      1100.      1100.
 1100.      1100.      1100.      1100.      1100.      1100.
 1100.      1100.     "
"1100.      1100.      1100.      1100.      1100.      1100.
 1100.      1100.      1100.      1100.      1100.      1100.
 1100.      1100.      1100.      1100.      1100.      1100.
 1100.      1100.      1100.      1100.      1100.      1100.
 1100.      1100.      1100.      1100.      1100.      1100.
 1100.      1100.      1100.      1100.      1100.      1100.
 1100.      1100.      1100.      1100.      1100.      1100.
 1100.      1100.      1100.       588.62216  184.81347   49.81338
   16.87822   15.07897   15.22204   15.22293   15.68491   15.5818
   16.06742   16.05332   16.46545   16.57567   16.8371    17.17044
   17.00496   17.71361   17.38442   18.02501   18.76228   19.16383
   21.78596  709.11055 1100.      1100.      1100.      1100.
 1100.      1100.      1100.      1100.      1100.      1100.
 1100.      1100.     "
"1100.      1100.      1100.      1100.      1100.      1100.
 1100.      1100.      1100.      1100.      1100.      1100.
 1100.      1100.      1100.      1100.      1100.      1100.
 1100.      1100.      1100.      1100.      1100.      1100.
 1100.      1100.      1100.      1100.      1100.      1100.
 1100.      1100.      1100.      1100.      1100.      1100.
 1100.      1100.      1100.      1100.      1100.      1100.
 1100.      1100.      1100.      1100.       347.42711   99.46368
   27.50637   15.05374   15.39365   15.21251   15.70456   15.67358
   16.01809   16.20573   16.45574   16.70752   16.71647   17.24135
   16.93152   17.72195   17.52463   17.85939   18.80402   19.59684
   21.12003 1100.      1100.      1100.      1100.      1100.
 1100.      1100.      1100.      1100.      1100.      1100.
 1100.      1100.     "
"1100.      1100.      1100.      1100.      1100.      1100.
 1100.      1100.      1100.      1100.      1100.      1100.
 1100.      1100.      1100.      1100.      1100.      1100.
 1100.      1100.      1100.      1100.      1100.      1100.
 1100.      1100.      1100.      1100.      1100.      1100.
 1100.      1100.      1100.      1100.      1100.      1100.
 1100.      1100.      1100.      1100.      1100.      1100.
 1100.      1100.      1100.      1100.       624.4659   190.61732
   52.95043   17.80293   15.50547   15.24897   15.6701    15.77782
   15.91812   16.26879   16.39804   16.81437   16.69964   17.28943
   16.95377   17.70156   17.73073   17.71461   18.61555   19.53609
   35.31673 1100.      1100.      1100.      1100.      1100.
 1100.      1100.      1100.      1100.      1100.      1100.
 1100.      1100.     "
"1100.      1100.      1100.      1100.      1100.      1100.
 1100.      1100.      1100.      1100.      1100.      1100.
 1100.      1100.      1100.      1100.      1100.      1100.
 1100.      1100.      1100.      1100.      1100.      1100.
 1100.      1100.      1100.      1100.      1100.      1100.
 1100.      1100.      1100.      1100.      1100.      1100.
 1100.      1100.      1100.      1100.      1100.      1100.
 1100.      1100.      1100.      1100.      1100.       348.75362
  102.32392   29.70959   15.52984   15.45583   15.60014   15.84778
   15.8702    16.30671   16.31222   16.83851   16.70569   17.32007
   16.96483   17.58562   17.90582   17.6427    18.37294   19.0192
   74.97989 1100.      1100.      1100.      1100.      1100.
 1100.      1100.      1100.      1100.      1100.      1100.
 1100.      1100.     "
"1100.      1100.      1100.      1100.      1100.      1100.
 1100.      1100.      1100.      1100.      1100.      1100.
 1100.      1100.      1100.      1100.      1100.      1100.
 1100.      1100.      1100.      1100.      1100.      1100.
 1100.      1100.      1100.      1100.      1100.      1100.
 1100.      1100.      1100.      1100.      1100.      1100.
 1100.      1100.      1100.      1100.      1100.      1100.
 1100.      1100.      1100.      1100.      1100.       612.33967
  190.17303   56.69219   18.63815   15.57764   15.59202   15.88952
   15.86975   16.33698   16.29821   16.78398   16.70997   17.32583
   17.07551   17.42535   18.0412    17.60588   18.06507   18.45396
  140.59749 1100.      1100.      1100.      1100.      1100.
 1100.      1100.      1100.      1100.      1100.      1100.
 1100.      1100.     "
"1100.      1100.      1100.      1100.      1100.      1100.
 1100.      1100.      1100.      1100.      1100.      1100.
 1100.      1100.      1100.      1100.      1100.      1100.
 1100.      1100.      1100.      1100.      1100.      1100.
 1100.      1100.      1100.      1100.      1100.      1100.
 1100.      1100.      1100.      1100.      1100.      1100.
 1100.      1100.      1100.      1100.      1100.      1100.
 1100.      1100.      1100.      1100.      1100.      1100.
  338.61002  107.87132   30.69869   15.70826   15.70388   15.92882
   15.8862    16.38365   16.3409    16.79071   16.72598   17.21799
   17.30734   17.37639   18.10555   17.83287   17.90393   18.6149
  243.28529 1100.      1100.      1100.      1100.      1100.
 1100.      1100.      1100.      1100.      1100.      1100.
 1100.      1100.     "
"1100.      1100.      1100.      1100.      1100.      1100.
 1100.      1100.      1100.      1100.      1100.      1100.
 1100.      1100.      1100.      1100.      1100.      1100.
 1100.      1100.      1100.      1100.      1100.      1100.
 1100.      1100.      1100.      1100.      1100.      1100.
 1100.      1100.      1100.      1100.      1100.      1100.
 1100.      1100.      1100.      1100.      1100.      1100.
 1100.      1100.      1100.      1100.      1100.      1100.
  580.30119  197.63077   56.99281   19.0923    15.72816   16.00791
   15.95882   16.41058   16.34315   16.77165   16.81216   17.0695
   17.52931   17.27845   18.06334   18.18566   18.05403   20.30227
  397.79354 1100.      1100.      1100.      1100.      1100.
 1100.      1100.      1100.      1100.      1100.      1100.
 1100.      1100.     "
"1100.      1100.      1100.      1100.      1100.      1100.
 1100.      1100.      1100.      1100.      1100.      1100.
 1100.      1100.      1100.      1100.      1100.      1100.
 1100.      1100.      1100.      1100.      1100.      1100.
 1100.      1100.      1100.      1100.      1100.      1100.
 1100.      1100.      1100.      1100.      1100.      1100.
 1100.      1100.      1100.      1100.      1100.      1100.
 1100.      1100.      1100.      1100.      1100.      1100.
  962.52101  347.60967  105.5286    31.0109    15.80622   16.06284
   15.97694   16.40303   16.38353   16.69581   16.92234   16.98119
   17.64868   17.22009   17.94924   18.52223   18.68704   21.59908
  623.3101  1100.      1100.      1100.      1100.      1100.
 1100.      1100.      1100.      1100.      1100.      1100.
 1100.      1100.     "
"1100.      1100.      1100.      1100.      1100.      1100.
 1100.      1100.      1100.      1100.      1100.      1100.
 1100.      1100.      1100.      1100.      1100.      1100.
 1100.      1100.      1100.      1100.      1100.      1100.
 1100.      1100.      1100.      1100.      1100.      1100.
 1100.      1100.      1100.      1100.      1100.      1100.
 1100.      1100.      1100.      1100.      1100.      1100.
 1100.      1100.      1100.      1100.      1100.      1100.
 1100.       589.68708  188.74514   56.24926   19.2468    15.98893
   16.01151   16.33405   16.50052   16.65024   17.01854   16.93349
   17.65496   17.31303   17.79049   18.65616   19.28969   20.86273
  944.41333 1100.      1100.      1100.      1100.      1100.
 1100.      1100.      1100.      1100.      1100.      1100.
 1100.      1100.     "
"1100.      1100.      1100.      1100.      1100.      1100.
 1100.      1100.      1100.      1100.      1100.      1100.
 1100.      1100.      1100.      1100.      1100.      1100.
 1100.      1100.      1100.      1100.      1100.      1100.
 1100.      1100.      1100.      1100.      1100.      1100.
 1100.      1100.      1100.      1100.      1100.      1100.
 1100.      1100.      1100.      1100.      1100.      1100.
 1100.      1100.      1100.      1100.      1100.      1100.
 1100.       969.75585  324.99878  101.99682   30.81834   15.98074
   16.21743   16.21113   16.61506   16.61606   17.16873   16.88344
   17.61456   17.45417   17.6009    18.65446   19.45764   25.62989
 1100.      1100.      1100.      1100.      1100.      1100.
 1100.      1100.      1100.      1100.      1100.      1100.
 1100.      1100.     "
"1100.      1100.      1100.      1100.      1100.      1100.
 1100.      1100.      1100.      1100.      1100.      1100.
 1100.      1100.      1100.      1100.      1100.      1100.
 1100.      1100.      1100.      1100.      1100.      1100.
 1100.      1100.      1100.      1100.      1100.      1100.
 1100.      1100.      1100.      1100.      1100.      1100.
 1100.      1100.      1100.      1100.      1100.      1100.
 1100.      1100.      1100.      1100.      1100.      1100.
 1100.      1100.       540.80053  179.26621   54.77558   19.14463
   16.29955   16.21669   16.65318   16.56667   17.29159   16.85301
   17.55829   17.66865   17.44875   18.44376   19.17533   57.40772
 1100.      1100.      1100.      1100.      1100.      1100.
 1100.      1100.      1100.      1100.      1100.      1100.
 1100.      1100.     "
"1100.      1100.      1100.      1100.      1100.      1100.
 1100.      1100.      1100.      1100.      1100.      1100.
 1100.      1100.      1100.      1100.      1100.      1100.
 1100.      1100.      1100.      1100.      1100.      1100.
 1100.      1100.      1100.      1100.      1100.      1100.
 1100.      1100.      1100.      1100.      1100.      1100.
 1100.      1100.      1100.      1100.      1100.      1100.
 1100.      1100.      1100.      1100.      1100.      1100.
 1100.      1100.       873.8724   304.14195   97.52947   29.84546
   16.3986    16.31182   16.73136   16.54406   17.30391   16.93032
   17.41918   17.88446   17.4756    18.17616   18.68767  111.76574
 1100.      1100.      1100.      1100.      1100.      1100.
 1100.      1100.      1100.      1100.      1100.      1100.
 1100.      1100.     "
"1100.      1100.      1100.      1100.      1100.      1100.
 1100.      1100.      1100.      1100.      1100.      1100.
 1100.      1100.      1100.      1100.      1100.      1100.
 1100.      1100.      1100.      1100.      1100.      1100.
 1100.      1100.      1100.      1100.      1100.      1100.
 1100.      1100.      1100.      1100.      1100.      1100.
 1100.      1100.      1100.      1100.      1100.      1100.
 1100.      1100.      1100.      1100.      1100.      1100.
 1100.      1100.      1100.       499.65215  168.81499   51.77247
   19.22214   16.29895   16.80896   16.53777   17.21735   17.0607
   17.27098   17.96844   17.59661   17.94078   18.42676  198.23525
 1100.      1100.      1100.      1100.      1100.      1100.
 1100.      1100.      1100.      1100.      1100.      1100.
 1100.      1100.     "
"1100.      1100.      1100.      1100.      1100.      1100.
 1100.      1100.      1100.      1100.      1100.      1100.
 1100.      1100.      1100.      1100.      1100.      1100.
 1100.      1100.      1100.      1100.      1100.      1100.
 1100.      1100.      1100.      1100.      1100.      1100.
 1100.      1100.      1100.      1100.      1100.      1100.
 1100.      1100.      1100.      1100.      1100.      1100.
 1100.      1100.      1100.      1100.      1100.      1100.
 1100.      1100.      1100.       798.29056  282.70069   90.39875
   28.98467   16.2711    16.89442   16.60549   17.1095    17.24614
   17.13445   18.01692   17.88746   17.94288   19.29088  329.93501
 1100.      1100.      1100.      1100.      1100.      1100.
 1100.      1100.      1100.      1100.      1100.      1100.
 1100.      1100.     "
"1100.      1100.      1100.      1100.      1100.      1100.
 1100.      1100.      1100.      1100.      1100.      1100.
 1100.      1100.      1100.      1100.      1100.      1100.
 1100.      1100.      1100.      1100.      1100.      1100.
 1100.      1100.      1100.      1100.      1100.      1100.
 1100.      1100.      1100.      1100.      1100.      1100.
 1100.      1100.      1100.      1100.      1100.      1100.
 1100.      1100.      1100.      1100.      1100.      1100.
 1100.      1100.      1100.      1100.       459.05985  153.97533
   49.16201   18.69495   16.8483    16.74831   17.00875   17.44307
   17.10092   17.9238    18.20341   18.32615   21.13427  524.00759
 1100.      1100.      1100.      1100.      1100.      1100.
 1100.      1100.      1100.      1100.      1100.      1100.
 1100.      1100.     "
"1100.      1100.      1100.      1100.      1100.      1100.
 1100.      1100.      1100.      1100.      1100.      1100.
 1100.      1100.      1100.      1100.      1100.      1100.
 1100.      1100.      1100.      1100.      1100.      1100.
 1100.      1100.      1100.      1100.      1100.      1100.
 1100.      1100.      1100.      1100.      1100.      1100.
 1100.      1100.      1100.      1100.      1100.      1100.
 1100.      1100.      1100.      1100.      1100.      1100.
 1100.      1100.      1100.      1100.       725.62292  254.31905
   84.61565   27.3124    16.71228   16.99555   16.9258    17.51373
   17.16513   17.75068   18.40949   19.02476   21.21644  802.50339
 1100.      1100.      1100.      1100.      1100.      1100.
 1100.      1100.      1100.      1100.      1100.      1100.
 1100.      1100.     "
"1100.      1100.      1100.      1100.      1100.      1100.
 1100.      1100.      1100.      1100.      1100.      1100.
 1100.      1100.      1100.      1100.      1100.      1100.
 1100.      1100.      1100.      1100.      1100.      1100.
 1100.      1100.      1100.      1100.      1100.      1100.
 1100.      1100.      1100.      1100.      1100.      1100.
 1100.      1100.      1100.      1100.      1100.      1100.
 1100.      1100.      1100.      1100.      1100.      1100.
 1100.      1100.      1100.      1100.      1100.       407.96422
  142.63427   45.13596   18.4404    17.16061   16.84011   17.52514
   17.25394   17.61808   18.37082   19.42564   21.41366 1100.
 1100.      1100.      1100.      1100.      1100.      1100.
 1100.      1100.      1100.      1100.      1100.      1100.
 1100.      1100.     "
"1100.      1100.      1100.      1100.      1100.      1100.
 1100.      1100.      1100.      1100.      1100.      1100.
 1100.      1100.      1100.      1100.      1100.      1100.
 1100.      1100.      1100.      1100.      1100.      1100.
 1100.      1100.      1100.      1100.      1100.      1100.
 1100.      1100.      1100.      1100.      1100.      1100.
 1100.      1100.      1100.      1100.      1100.      1100.
 1100.      1100.      1100.      1100.      1100.      1100.
 1100.      1100.      1100.      1100.      1100.       637.67263
  233.65747   76.27133   25.8016    17.10526   16.92203   17.45942
   17.4404    17.43651   18.20983   19.33818   44.0223  1100.
 1100.      1100.      1100.      1100.      1100.      1100.
 1100.      1100.      1100.      1100.      1100.      1100.
 1100.      1100.     "
"1100.      1100.      1100.      1100.      1100.      1100.
 1100.      1100.      1100.      1100.      1100.      1100.
 1100.      1100.      1100.      1100.      1100.      1100.
 1100.      1100.      1100.      1100.      1100.      1100.
 1100.      1100.      1100.      1100.      1100.      1100.
 1100.      1100.      1100.      1100.      1100.      1100.
 1100.      1100.      1100.      1100.      1100.      1100.
 1100.      1100.      1100.      1100.      1100.      1100.
 1100.      1100.      1100.      1100.      1100.       974.49949
  372.18692  126.80634   41.59533   18.23806   17.00091   17.398
   17.68953   17.38364   17.93147   18.84038   90.42392 1100.
 1100.      1100.      1100.      1100.      1100.      1100.
 1100.      1100.      1100.      1100.      1100.      1100.
 1100.      1100.     "
"1100.      1100.      1100.      1100.      1100.      1100.
 1100.      1100.      1100.      1100.      1100.      1100.
 1100.      1100.      1100.      1100.      1100.      1100.
 1100.      1100.      1100.      1100.      1100.      1100.
 1100.      1100.      1100.      1100.      1100.      1100.
 1100.      1100.      1100.      1100.      1100.      1100.
 1100.      1100.      1100.      1100.      1100.      1100.
 1100.      1100.      1100.      1100.      1100.      1100.
 1100.      1100.      1100.      1100.      1100.      1100.
  578.07554  205.40519   69.34394   24.14173   16.91108   17.3717
   17.8174    17.42101   17.65704   18.32511  166.12175 1100.
 1100.      1100.      1100.      1100.      1100.      1100.
 1100.      1100.      1100.      1100.      1100.      1100.
 1100.      1100.     "
"1100.      1100.      1100.      1100.      1100.      1100.
 1100.      1100.      1100.      1100.      1100.      1100.
 1100.      1100.      1100.      1100.      1100.      1100.
 1100.      1100.      1100.      1100.      1100.      1100.
 1100.      1100.      1100.      1100.      1100.      1100.
 1100.      1100.      1100.      1100.      1100.      1100.
 1100.      1100.      1100.      1100.      1100.      1100.
 1100.      1100.      1100.      1100.      1100.      1100.
 1100.      1100.      1100.      1100.      1100.      1100.
  878.12271  324.02047  114.31396   37.59603   17.75442   17.27554
   17.92147   17.63561   17.5686    18.61316  283.61942 1100.
 1100.      1100.      1100.      1100.      1100.      1100.
 1100.      1100.      1100.      1100.      1100.      1100.
 1100.      1100.     "
"1100.      1100.      1100.      1100.      1100.      1100.
 1100.      1100.      1100.      1100.      1100.      1100.
 1100.      1100.      1100.      1100.      1100.      1100.
 1100.      1100.      1100.      1100.      1100.      1100.
 1100.      1100.      1100.      1100.      1100.      1100.
 1100.      1100.      1100.      1100.      1100.      1100.
 1100.      1100.      1100.      1100.      1100.      1100.
 1100.      1100.      1100.      1100.      1100.      1100.
 1100.      1100.      1100.      1100.      1100.      1100.
 1100.       498.7941   183.96252   61.54487   22.55636   17.08459
   17.95935   17.95721   17.81278   20.58611  459.41252 1100.
 1100.      1100.      1100.      1100.      1100.      1100.
 1100.      1100.      1100.      1100.      1100.      1100.
 1100.      1100.     "
"1100.      1100.      1100.      1100.      1100.      1100.
 1100.      1100.      1100.      1100.      1100.      1100.
 1100.      1100.      1100.      1100.      1100.      1100.
 1100.      1100.      1100.      1100.      1100.      1100.
 1100.      1100.      1100.      1100.      1100.      1100.
 1100.      1100.      1100.      1100.      1100.      1100.
 1100.      1100.      1100.      1100.      1100.      1100.
 1100.      1100.      1100.      1100.      1100.      1100.
 1100.      1100.      1100.      1100.      1100.      1100.
 1100.       751.37417  288.59793  100.38084   33.89926   17.37417
   17.91127   18.30284   18.40607   21.37513  714.90197 1100.
 1100.      1100.      1100.      1100.      1100.      1100.
 1100.      1100.      1100.      1100.      1100.      1100.
 1100.      1100.     "
"1100.      1100.      1100.      1100.      1100.      1100.
 1100.      1100.      1100.      1100.      1100.      1100.
 1100.      1100.      1100.      1100.      1100.      1100.
 1100.      1100.      1100.      1100.      1100.      1100.
 1100.      1100.      1100.      1100.      1100.      1100.
 1100.      1100.      1100.      1100.      1100.      1100.
 1100.      1100.      1100.      1100.      1100.      1100.
 1100.      1100.      1100.      1100.      1100.      1100.
 1100.      1100.      1100.      1100.      1100.      1100.
 1100.      1100.       442.10172  160.37637   54.34731   20.9687
   17.63281   18.46665   18.91043   20.48751 1100.      1100.
 1100.      1100.      1100.      1100.      1100.      1100.
 1100.      1100.      1100.      1100.      1100.      1100.
 1100.      1100.     "
"1100.      1100.      1100.      1100.      1100.      1100.
 1100.      1100.      1100.      1100.      1100.      1100.
 1100.      1100.      1100.      1100.      1100.      1100.
 1100.      1100.      1100.      1100.      1100.      1100.
 1100.      1100.      1100.      1100.      1100.      1100.
 1100.      1100.      1100.      1100.      1100.      1100.
 1100.      1100.      1100.      1100.      1100.      1100.
 1100.      1100.      1100.      1100.      1100.      1100.
 1100.      1100.      1100.      1100.      1100.      1100.
 1100.      1100.       662.92233  250.16563   87.58846   30.4158
   17.40851   18.41717   18.99671   33.15264 1100.      1100.
 1100.      1100.      1100.      1100.      1100.      1100.
 1100.      1100.      1100.      1100.      1100.      1100.
 1100.      1100.     "
"1100.      1100.      1100.      1100.      1100.      1100.
 1100.      1100.      1100.      1100.      1100.      1100.
 1100.      1100.      1100.      1100.      1100.      1100.
 1100.      1100.      1100.      1100.      1100.      1100.
 1100.      1100.      1100.      1100.      1100.      1100.
 1100.      1100.      1100.      1100.      1100.      1100.
 1100.      1100.      1100.      1100.      1100.      1100.
 1100.      1100.      1100.      1100.      1100.      1100.
 1100.      1100.      1100.      1100.      1100.      1100.
 1100.      1100.       975.41703  381.31953  138.80472   47.90235
   19.57788   18.11505   18.64482   72.45578 1100.      1100.
 1100.      1100.      1100.      1100.      1100.      1100.
 1100.      1100.      1100.      1100.      1100.      1100.
 1100.      1100.     "
"1100.      1100.      1100.      1100.      1100.      1100.
 1100.      1100.      1100.      1100.      1100.      1100.
 1100.      1100.      1100.      1100.      1100.      1100.
 1100.      1100.      1100.      1100.      1100.      1100.
 1100.      1100.      1100.      1100.      1100.      1100.
 1100.      1100.      1100.      1100.      1100.      1100.
 1100.      1100.      1100.      1100.      1100.      1100.
 1100.      1100.      1100.      1100.      1100.      1100.
 1100.      1100.      1100.      1100.      1100.      1100.
 1100.      1100.      1100.       569.18663  215.08074   76.60457
   26.70576   17.66186   18.18827  138.44381 1100.      1100.
 1100.      1100.      1100.      1100.      1100.      1100.
 1100.      1100.      1100.      1100.      1100.      1100.
 1100.      1100.     "
"1100.      1100.      1100.      1100.      1100.      1100.
 1100.      1100.      1100.      1100.      1100.      1100.
 1100.      1100.      1100.      1100.      1100.      1100.
 1100.      1100.      1100.      1100.      1100.      1100.
 1100.      1100.      1100.      1100.      1100.      1100.
 1100.      1100.      1100.      1100.      1100.      1100.
 1100.      1100.      1100.      1100.      1100.      1100.
 1100.      1100.      1100.      1100.      1100.      1100.
 1100.      1100.      1100.      1100.      1100.      1100.
 1100.      1100.      1100.       833.91814  325.93332  121.0666
   40.51293   18.75461   18.16319  242.96121 1100.      1100.
 1100.      1100.      1100.      1100.      1100.      1100.
 1100.      1100.      1100.      1100.      1100.      1100.
 1100.      1100.     "
"1100.      1100.      1100.      1100.      1100.      1100.
 1100.      1100.      1100.      1100.      1100.      1100.
 1100.      1100.      1100.      1100.      1100.      1100.
 1100.      1100.      1100.      1100.      1100.      1100.
 1100.      1100.      1100.      1100.      1100.      1100.
 1100.      1100.      1100.      1100.      1100.      1100.
 1100.      1100.      1100.      1100.      1100.      1100.
 1100.      1100.      1100.      1100.      1100.      1100.
 1100.      1100.      1100.      1100.      1100.      1100.
 1100.      1100.      1100.      1100.       483.82949  187.46682
   63.33114   24.20257   19.4257   401.84616 1100.      1100.
 1100.      1100.      1100.      1100.      1100.      1100.
 1100.      1100.      1100.      1100.      1100.      1100.
 1100.      1100.     "
"1100.      1100.      1100.      1100.      1100.      1100.
 1100.      1100.      1100.      1100.      1100.      1100.
 1100.      1100.      1100.      1100.      1100.      1100.
 1100.      1100.      1100.      1100.      1100.      1100.
 1100.      1100.      1100.      1100.      1100.      1100.
 1100.      1100.      1100.      1100.      1100.      1100.
 1100.      1100.      1100.      1100.      1100.      1100.
 1100.      1100.      1100.      1100.      1100.      1100.
 1100.      1100.      1100.      1100.      1100.      1100.
 1100.      1100.      1100.      1100.       705.02511  284.08039
   98.54645   35.51497   21.20237  635.82893 1100.      1100.
 1100.      1100.      1100.      1100.      1100.      1100.
 1100.      1100.      1100.      1100.      1100.      1100.
 1100.      1100.     "
"1100.      1100.      1100.      1100.      1100.      1100.
 1100.      1100.      1100.      1100.      1100.      1100.
 1100.      1100.      1100.      1100.      1100.      1100.
 1100.      1100.      1100.      1100.      1100.      1100.
 1100.      1100.      1100.      1100.      1100.      1100.
 1100.      1100.      1100.      1100.      1100.      1100.
 1100.      1100.      1100.      1100.      1100.      1100.
 1100.      1100.      1100.      1100.      1100.      1100.
 1100.      1100.      1100.      1100.      1100.      1100.
 1100.      1100.      1100.      1100.      1100.       421.86608
  150.77023   54.62676   24.14293  971.66719 1100.      1100.
 1100.      1100.      1100.      1100.      1100.      1100.
 1100.      1100.      1100.      1100.      1100.      1100.
 1100.      1100.     "
"1100.      1100.      1100.      1100.      1100.      1100.
 1100.      1100.      1100.      1100.      1100.      1100.
 1100.      1100.      1100.      1100.      1100.      1100.
 1100.      1100.      1100.      1100.      1100.      1100.
 1100.      1100.      1100.      1100.      1100.      1100.
 1100.      1100.      1100.      1100.      1100.      1100.
 1100.      1100.      1100.      1100.      1100.      1100.
 1100.      1100.      1100.      1100.      1100.      1100.
 1100.      1100.      1100.      1100.      1100.      1100.
 1100.      1100.      1100.      1100.      1100.       615.09449
  226.13317   84.44467   37.8943  1100.      1100.      1100.
 1100.      1100.      1100.      1100.      1100.      1100.
 1100.      1100.      1100.      1100.      1100.      1100.
 1100.      1100.     "
"1100.      1100.      1100.      1100.      1100.      1100.
 1100.      1100.      1100.      1100.      1100.      1100.
 1100.      1100.      1100.      1100.      1100.      1100.
 1100.      1100.      1100.      1100.      1100.      1100.
 1100.      1100.      1100.      1100.      1100.      1100.
 1100.      1100.      1100.      1100.      1100.      1100.
 1100.      1100.      1100.      1100.      1100.      1100.
 1100.      1100.      1100.      1100.      1100.      1100.
 1100.      1100.      1100.      1100.      1100.      1100.
 1100.      1100.      1100.      1100.      1100.       882.19905
  332.66436  128.97107   72.57356 1100.      1100.      1100.
 1100.      1100.      1100.      1100.      1100.      1100.
 1100.      1100.      1100.      1100.      1100.      1100.
 1100.      1100.     "
"1100.      1100.      1100.      1100.      1100.      1100.
 1100.      1100.      1100.      1100.      1100.      1100.
 1100.      1100.      1100.      1100.      1100.      1100.
 1100.      1100.      1100.      1100.      1100.      1100.
 1100.      1100.      1100.      1100.      1100.      1100.
 1100.      1100.      1100.      1100.      1100.      1100.
 1100.      1100.      1100.      1100.      1100.      1100.
 1100.      1100.      1100.      1100.      1100.      1100.
 1100.      1100.      1100.      1100.      1100.      1100.
 1100.      1100.      1100.      1100.      1100.      1100.
  480.70678  193.59463  133.57964 1100.      1100.      1100.
 1100.      1100.      1100.      1100.      1100.      1100.
 1100.      1100.      1100.      1100.      1100.      1100.
 1100.      1100.     "
