"1.000000e+00 1.664810e+00 2.818380e+00 4.005350e+00 5.177190e+00
 6.322400e+00 7.439680e+00 8.527280e+00 9.595820e+00 1.051919e+01
 1.166528e+01 1.266301e+01 1.365493e+01 1.464320e+01 1.560801e+01
 1.655628e+01 1.750587e+01 1.851467e+01 2.072708e+01 1.100000e+03"
"   1.37654    1.79088    2.81681    3.91329    4.99317    6.02914
    6.98653    7.80759    8.19858 1100.        14.44311   13.78114
   14.30975   15.01242   15.68017   15.88317   23.61258   20.73836
  178.68991 1100.     "
"   1.99659    2.19662    3.00746    3.97092    4.94707    5.87931
    6.70725    7.33212    7.67718 1100.        22.53877   15.34699
   15.13781   15.51767   15.95333   15.71625   69.7287    26.64651
 1100.      1100.     "
"   2.65723    2.72271    3.34654    4.15864    5.01976    5.84888
    6.57676    7.06718 1100.      1100.      1100.        17.74799
   16.25827   16.2374    16.43264   16.05631 1100.      1100.
 1100.      1100.     "
"   3.28339    3.29034    3.78243    4.45372    5.20473    5.93325
    6.56972   12.70654 1100.      1100.      1100.        22.49273
   17.72509   17.12077   17.20801   17.15798 1100.      1100.
 1100.      1100.     "
"   3.83828    3.86297    4.26723    4.83414    5.4848     6.13492
    6.88088 1100.      1100.      1100.      1100.        39.60215
   19.79902   18.36942   18.32444   19.41282 1100.      1100.
 1100.      1100.     "
"   4.26638    4.43896    4.78904    5.28125    5.86133    6.54523
 1100.      1100.      1100.      1100.      1100.      1100.
   22.82238   19.89123   19.95045   28.79675 1100.      1100.
 1100.      1100.     "
"   4.52709    5.01893    5.33366    5.74254    6.41628 1100.
 1100.      1100.      1100.      1100.      1100.      1100.
   28.58652   22.07053   23.33282 1100.      1100.      1100.
 1100.      1100.     "
"   5.43165    5.62497    5.93966    6.47396 1100.      1100.
 1100.      1100.      1100.      1100.      1100.      1100.
   45.38341   25.37289   69.73781 1100.      1100.      1100.
 1100.      1100.     "
"   7.673      6.35245    6.91735 1100.      1100.      1100.
 1100.      1100.      1100.      1100.      1100.      1100.
 1100.        32.36671 1100.      1100.      1100.      1100.
 1100.      1100.     "
"  11.12864 1100.      1100.      1100.      1100.      1100.
 1100.      1100.      1100.      1100.      1100.      1100.
 1100.      1100.      1100.      1100.      1100.      1100.
 1100.      1100.     "
"  15.64139 1100.      1100.      1100.      1100.      1100.
 1100.      1100.      1100.      1100.      1100.      1100.
 1100.      1100.      1100.      1100.      1100.      1100.
 1100.      1100.     "
"  21.33757 1100.      1100.      1100.      1100.      1100.
 1100.      1100.      1100.      1100.      1100.      1100.
 1100.      1100.      1100.      1100.      1100.      1100.
 1100.      1100.     "
"  28.36686 1100.      1100.      1100.      1100.      1100.
 1100.      1100.      1100.      1100.      1100.      1100.
 1100.      1100.      1100.      1100.      1100.      1100.
 1100.      1100.     "
"  36.88774 1100.      1100.      1100.      1100.      1100.
 1100.      1100.      1100.      1100.      1100.      1100.
 1100.      1100.      1100.      1100.      1100.      1100.
 1100.      1100.     "
"  47.06448 1100.      1100.      1100.      1100.      1100.
 1100.      1100.      1100.      1100.      1100.      1100.
 1100.      1100.      1100.      1100.      1100.      1100.
 1100.      1100.     "
"  59.0655 1100.     1100.     1100.     1100.     1100.     1100.
 1100.     1100.     1100.     1100.     1100.     1100.     1100.
 1100.     1100.     1100.     1100.     1100.     1100.    "
"  73.06221 1100.      1100.      1100.      1100.      1100.
 1100.      1100.      1100.      1100.      1100.      1100.
 1100.      1100.      1100.      1100.      1100.      1100.
 1100.      1100.     "
"  89.22792 1100.      1100.      1100.      1100.      1100.
 1100.      1100.      1100.      1100.      1100.      1100.
 1100.      1100.      1100.      1100.      1100.      1100.
 1100.      1100.     "
" 107.73683 1100.      1100.      1100.      1100.      1100.
 1100.      1100.      1100.      1100.      1100.      1100.
 1100.      1100.      1100.      1100.      1100.      1100.
 1100.      1100.     "
