"1.00000000e+00 1.06261000e+00 1.22059000e+00 1.44793000e+00
 1.71892000e+00 2.01062000e+00 2.30291000e+00 2.58856000e+00
 2.87868000e+00 3.17987000e+00 3.48836000e+00 3.79411000e+00
 4.08445000e+00 4.35040000e+00 4.59786000e+00 4.88695000e+00
 5.17883000e+00 5.47649000e+00 5.74351000e+00 6.05899000e+00
 6.34998000e+00 6.65093000e+00 6.95592000e+00 7.21298000e+00
 7.45232000e+00 7.71566000e+00 7.99673000e+00 8.27244000e+00
 8.48632000e+00 8.72032000e+00 9.09339000e+00 9.39580000e+00
 9.65897000e+00 9.97018000e+00 1.01656200e+01 1.02219300e+01
 1.03787300e+01 1.08041100e+01 1.11594700e+01 1.13903700e+01
 1.16814200e+01 1.21271000e+01 1.24126900e+01 1.25872200e+01
 1.26651200e+01 1.27420900e+01 1.29810300e+01 1.32371200e+01
 1.35528700e+01 1.39860900e+01 1.43678100e+01 1.45986200e+01
 1.45099700e+01 1.46903300e+01 1.48434100e+01 1.51608800e+01
 1.55895100e+01 1.60379700e+01 1.63584800e+01 1.64013500e+01
 1.62671400e+01 1.62400600e+01 1.69133500e+01 1.76687200e+01
 1.78684800e+01 1.76328700e+01 1.74727000e+01 1.81685200e+01
 1.92206900e+01 1.88806700e+01 1.84518200e+01 2.10464900e+01
 1.97690500e+01 7.94594000e+01 2.49204160e+02 6.29056960e+02
 1.39838623e+03 2.85278193e+03 5.46479936e+03 9.96790806e+03"
"1.22389000e+00 1.27810000e+00 1.41939000e+00 1.63572000e+00
 1.90550000e+00 2.20272000e+00 2.50752000e+00 2.81913000e+00
 3.14201000e+00 3.47420000e+00 3.80780000e+00 4.12928000e+00
 4.42708000e+00 4.68616000e+00 4.90972000e+00 5.14504000e+00
 5.39577000e+00 5.65709000e+00 5.89286000e+00 6.16798000e+00
 6.44358000e+00 6.71579000e+00 7.01949000e+00 7.27975000e+00
 7.52283000e+00 7.78199000e+00 8.05374000e+00 8.33036000e+00
 8.54246000e+00 8.75882000e+00 9.13277000e+00 9.43954000e+00
 9.68790000e+00 9.99803000e+00 1.02042000e+01 1.02716900e+01
 1.04173100e+01 1.08440000e+01 1.12036500e+01 1.14248500e+01
 1.16929900e+01 1.21425400e+01 1.24368000e+01 1.26123000e+01
 1.26881500e+01 1.27576800e+01 1.29959400e+01 1.32558800e+01
 1.35618100e+01 1.39985700e+01 1.43722700e+01 1.46041000e+01
 1.45046000e+01 1.46936700e+01 1.48363600e+01 1.51383700e+01
 1.55628500e+01 1.60105900e+01 1.63431600e+01 1.63902800e+01
 1.62416700e+01 1.62063800e+01 1.68511800e+01 1.76060900e+01
 1.78232100e+01 1.75839100e+01 1.73836500e+01 1.80054700e+01
 1.90519700e+01 1.87256200e+01 1.81257200e+01 2.05861100e+01
 2.10928500e+01 8.11991700e+01 2.49931410e+02 6.26889550e+02
 1.39003480e+03 2.83279849e+03 5.42457820e+03 9.89447528e+03"
"1.66214000e+00 1.71295000e+00 1.84807000e+00 2.05548000e+00
 2.31527000e+00 2.60394000e+00 2.90897000e+00 3.23024000e+00
 3.56536000e+00 3.90837000e+00 4.24872000e+00 4.57164000e+00
 4.86225000e+00 5.10435000e+00 5.29933000e+00 5.45814000e+00
 5.65411000e+00 5.85208000e+00 6.06238000e+00 6.27120000e+00
 6.53047000e+00 6.77190000e+00 7.07189000e+00 7.33896000e+00
 7.58781000e+00 7.84511000e+00 8.10803000e+00 8.38602000e+00
 8.59851000e+00 8.80011000e+00 9.16952000e+00 9.48112000e+00
 9.71735000e+00 1.00247700e+01 1.02423000e+01 1.03227400e+01
 1.04614500e+01 1.08809700e+01 1.12458000e+01 1.14581700e+01
 1.17036600e+01 1.21545300e+01 1.24593400e+01 1.26362300e+01
 1.27106200e+01 1.27724500e+01 1.30101300e+01 1.32748300e+01
 1.35687400e+01 1.40083700e+01 1.43743400e+01 1.46069100e+01
 1.45005000e+01 1.46958300e+01 1.48290400e+01 1.51153800e+01
 1.55354500e+01 1.59818400e+01 1.63269400e+01 1.63776100e+01
 1.62158200e+01 1.61761700e+01 1.67878800e+01 1.75411200e+01
 1.77761600e+01 1.75351500e+01 1.72932600e+01 1.78431800e+01
 1.88745300e+01 1.85699600e+01 1.78615800e+01 2.03566100e+01
 2.25887100e+01 8.25101100e+01 2.49932890e+02 6.23538110e+02
 1.37980212e+03 2.80989236e+03 5.37997307e+03 9.81435235e+03"
"2.33200000e+00 2.37657000e+00 2.50193000e+00 2.69497000e+00
 2.93663000e+00 3.20612000e+00 3.49848000e+00 3.81100000e+00
 4.13922000e+00 4.47591000e+00 4.80781000e+00 5.12013000e+00
 5.39123000e+00 5.60966000e+00 5.76786000e+00 5.86069000e+00
 5.95229000e+00 6.08642000e+00 6.24482000e+00 6.38003000e+00
 6.60737000e+00 6.82123000e+00 7.11225000e+00 7.38876000e+00
 7.64528000e+00 7.90411000e+00 8.15998000e+00 8.43936000e+00
 8.65494000e+00 8.84569000e+00 9.20408000e+00 9.52097000e+00
 9.74925000e+00 1.00507200e+01 1.02799900e+01 1.03752300e+01
 1.05101600e+01 1.09148800e+01 1.12857600e+01 1.14904000e+01
 1.17147100e+01 1.21631500e+01 1.24803500e+01 1.26591300e+01
 1.27325900e+01 1.27864300e+01 1.30238900e+01 1.32937800e+01
 1.35735100e+01 1.40154700e+01 1.43741100e+01 1.46070300e+01
 1.44977600e+01 1.46967700e+01 1.48216300e+01 1.50919800e+01
 1.55076500e+01 1.59515900e+01 1.63097700e+01 1.63632900e+01
 1.61898000e+01 1.61483200e+01 1.67234800e+01 1.74738800e+01
 1.77270300e+01 1.74855900e+01 1.72012600e+01 1.76822500e+01
 1.86913900e+01 1.84160300e+01 1.76502500e+01 2.03530500e+01
 2.42020500e+01 8.34095600e+01 2.49236480e+02 6.19044010e+02
 1.36774899e+03 2.78415140e+03 5.33104180e+03 9.72771393e+03"
"3.23998000e+00 3.27457000e+00 3.38478000e+00 3.55678000e+00
 3.77184000e+00 4.01089000e+00 4.27613000e+00 4.56228000e+00
 4.86519000e+00 5.17869000e+00 5.48846000e+00 5.77759000e+00
 6.01952000e+00 6.20601000e+00 6.31843000e+00 6.34806000e+00
 6.32865000e+00 6.37528000e+00 6.43546000e+00 6.51973000e+00
 6.67156000e+00 6.86444000e+00 7.13919000e+00 7.42748000e+00
 7.69355000e+00 7.95804000e+00 8.21030000e+00 8.49055000e+00
 8.71223000e+00 8.89632000e+00 9.23713000e+00 9.55981000e+00
 9.78539000e+00 1.00761500e+01 1.03173600e+01 1.04293700e+01
 1.05618300e+01 1.09455700e+01 1.13233600e+01 1.15216300e+01
 1.17264700e+01 1.21684600e+01 1.24998600e+01 1.26811200e+01
 1.27541000e+01 1.27996700e+01 1.30376600e+01 1.33122700e+01
 1.35761200e+01 1.40199300e+01 1.43716400e+01 1.46044500e+01
 1.44965800e+01 1.46964400e+01 1.48143500e+01 1.50681500e+01
 1.54789300e+01 1.59198100e+01 1.62915700e+01 1.63472800e+01
 1.61638600e+01 1.61220400e+01 1.66580200e+01 1.74044000e+01
 1.76755700e+01 1.74343700e+01 1.71075500e+01 1.75227600e+01
 1.85071800e+01 1.82665900e+01 1.74891800e+01 2.05566400e+01
 2.59144300e+01 8.39156700e+01 2.47870890e+02 6.13449920e+02
 1.35393811e+03 2.75566620e+03 5.27790600e+03 9.63473982e+03"
"4.39499000e+00 4.41605000e+00 4.50592000e+00 4.65038000e+00
 4.83051000e+00 5.02743000e+00 5.25046000e+00 5.49390000e+00
 5.75315000e+00 6.02487000e+00 6.29743000e+00 6.55030000e+00
 6.75464000e+00 6.89804000e+00 6.95604000e+00 6.92135000e+00
 6.81807000e+00 6.70803000e+00 6.67323000e+00 6.68048000e+00
 6.72580000e+00 6.90478000e+00 7.15159000e+00 7.45341000e+00
 7.73131000e+00 8.00603000e+00 8.25963000e+00 8.54001000e+00
 8.77087000e+00 8.95228000e+00 9.26966000e+00 9.59911000e+00
 9.82656000e+00 1.01014600e+01 1.03545900e+01 1.04853600e+01
 1.06152100e+01 1.09729300e+01 1.13584100e+01 1.15519500e+01
 1.17386200e+01 1.21705600e+01 1.25178700e+01 1.27023800e+01
 1.27751900e+01 1.28122700e+01 1.30518600e+01 1.33297400e+01
 1.35769300e+01 1.40217300e+01 1.43669900e+01 1.45992200e+01
 1.44974200e+01 1.46947800e+01 1.48076100e+01 1.50438100e+01
 1.54492900e+01 1.58868900e+01 1.62722500e+01 1.63295800e+01
 1.61382900e+01 1.60965100e+01 1.65915300e+01 1.73327300e+01
 1.76215000e+01 1.73808100e+01 1.70122000e+01 1.73641600e+01
 1.83270100e+01 1.81251300e+01 1.73797300e+01 2.09505300e+01
 2.77244600e+01 8.40473200e+01 2.45865050e+02 6.06799990e+02
 1.33843400e+03 2.72452994e+03 5.22069732e+03 9.53561477e+03"
"5.81058000e+00 5.81435000e+00 5.87842000e+00 5.98844000e+00
 6.12522000e+00 6.26915000e+00 6.43342000e+00 6.62066000e+00
 6.81866000e+00 7.02793000e+00 7.24471000e+00 7.44732000e+00
 7.60350000e+00 7.69210000e+00 7.68733000e+00 7.58532000e+00
 7.39901000e+00 7.15094000e+00 6.97394000e+00 6.85154000e+00
 6.80692000e+00 6.94016000e+00 7.15263000e+00 7.46536000e+00
 7.75769000e+00 8.04750000e+00 8.30820000e+00 8.58852000e+00
 8.83143000e+00 9.01401000e+00 9.30322000e+00 9.64129000e+00
 9.87268000e+00 1.01272600e+01 1.03919100e+01 1.05432500e+01
 1.06697000e+01 1.09969500e+01 1.13906800e+01 1.15814800e+01
 1.17507700e+01 1.21695300e+01 1.25343900e+01 1.27230900e+01
 1.27959100e+01 1.28244200e+01 1.30665600e+01 1.33457500e+01
 1.35770100e+01 1.40207200e+01 1.43602400e+01 1.45914000e+01
 1.45008800e+01 1.46917700e+01 1.48019200e+01 1.50188700e+01
 1.54188500e+01 1.58525200e+01 1.62517100e+01 1.63102200e+01
 1.61133400e+01 1.60712200e+01 1.65240300e+01 1.72589200e+01
 1.75645700e+01 1.73243700e+01 1.69153300e+01 1.72062800e+01
 1.81529500e+01 1.79959500e+01 1.73291100e+01 2.15284900e+01
 2.96340000e+01 8.38242100e+01 2.43248440e+02 5.99139600e+02
 1.32130296e+03 2.69083840e+03 5.15955110e+03 9.43052827e+03"
"7.50258000e+00 7.48507000e+00 7.51744000e+00 7.58545000e+00
 7.66987000e+00 7.75036000e+00 7.83862000e+00 7.95841000e+00
 8.07805000e+00 8.20536000e+00 8.34358000e+00 8.47957000e+00
 8.57396000e+00 8.59591000e+00 8.51997000e+00 8.34267000e+00
 8.06757000e+00 7.70738000e+00 7.32798000e+00 7.08060000e+00
 6.93529000e+00 6.96611000e+00 7.14904000e+00 7.46197000e+00
 7.77226000e+00 8.08204000e+00 8.35617000e+00 8.63726000e+00
 8.89455000e+00 9.08228000e+00 9.34045000e+00 9.68715000e+00
 9.92345000e+00 1.01544800e+01 1.04296100e+01 1.06028400e+01
 1.07250700e+01 1.10178700e+01 1.14199700e+01 1.16102600e+01
 1.17626400e+01 1.21654700e+01 1.25493600e+01 1.27434800e+01
 1.28163400e+01 1.28364000e+01 1.30817000e+01 1.33600400e+01
 1.35781200e+01 1.40169300e+01 1.43514400e+01 1.45811300e+01
 1.45077800e+01 1.46874500e+01 1.47974200e+01 1.49932200e+01
 1.53873200e+01 1.58169800e+01 1.62298300e+01 1.62892400e+01
 1.60891400e+01 1.60454800e+01 1.64555400e+01 1.71830100e+01
 1.75045200e+01 1.72646500e+01 1.68172100e+01 1.70496300e+01
 1.79877700e+01 1.78841100e+01 1.73569400e+01 2.22953000e+01
 3.16430400e+01 8.32669300e+01 2.40051960e+02 5.90514930e+02
 1.30261305e+03 2.65469073e+03 5.09460593e+03 9.31967429e+03"
"9.48797000e+00 9.44487000e+00 9.43916000e+00 9.45695000e+00
 9.47922000e+00 9.48531000e+00 9.48121000e+00 9.51940000e+00
 9.54590000e+00 9.57552000e+00 9.61056000e+00 9.65899000e+00
 9.67546000e+00 9.61815000e+00 9.46104000e+00 9.19728000e+00
 8.82521000e+00 8.35420000e+00 7.81964000e+00 7.38358000e+00
 7.08779000e+00 6.98870000e+00 7.14185000e+00 7.44262000e+00
 7.77480000e+00 8.10948000e+00 8.40373000e+00 8.68799000e+00
 8.96102000e+00 9.15808000e+00 9.38563000e+00 9.73652000e+00
 9.97870000e+00 1.01845400e+01 1.04679900e+01 1.06636200e+01
 1.07813600e+01 1.10378400e+01 1.14460400e+01 1.16382800e+01
 1.17741100e+01 1.21584900e+01 1.25627100e+01 1.27638400e+01
 1.28365700e+01 1.28486600e+01 1.30971300e+01 1.33724600e+01
 1.35829800e+01 1.40108800e+01 1.43406500e+01 1.45685800e+01
 1.45178100e+01 1.46821000e+01 1.47939800e+01 1.49668000e+01
 1.53547100e+01 1.57803900e+01 1.62064900e+01 1.62667400e+01
 1.60657300e+01 1.60191000e+01 1.63860800e+01 1.71050200e+01
 1.74411500e+01 1.72014000e+01 1.67182500e+01 1.68951600e+01
 1.78339900e+01 1.77962200e+01 1.74830800e+01 2.32294600e+01
 3.37500100e+01 8.23975300e+01 2.36308620e+02 5.80972770e+02
 1.28243435e+03 2.61619527e+03 5.02600342e+03 9.20325108e+03"
"1.17842500e+01 1.17109600e+01 1.16603600e+01 1.16190600e+01
 1.15685800e+01 1.14883600e+01 1.13772800e+01 1.13149200e+01
 1.12386800e+01 1.11540300e+01 1.10652500e+01 1.09988800e+01
 1.09185900e+01 1.07677500e+01 1.05168400e+01 1.01541400e+01
 9.67527000e+00 9.08812000e+00 8.41966000e+00 7.75238000e+00
 7.29578000e+00 7.05520000e+00 7.13146000e+00 7.40752000e+00
 7.76513000e+00 8.12995000e+00 8.45079000e+00 8.74297000e+00
 9.03181000e+00 9.24261000e+00 9.44363000e+00 9.78951000e+00
 1.00384800e+01 1.02194200e+01 1.05074100e+01 1.07249600e+01
 1.08388000e+01 1.10626900e+01 1.14686900e+01 1.16654100e+01
 1.17852200e+01 1.21487300e+01 1.25742900e+01 1.27844500e+01
 1.28567400e+01 1.28618500e+01 1.31126300e+01 1.33828000e+01
 1.35932100e+01 1.40021100e+01 1.43279500e+01 1.45539700e+01
 1.45294300e+01 1.46764600e+01 1.47910800e+01 1.49396300e+01
 1.53210400e+01 1.57428100e+01 1.61815500e+01 1.62428400e+01
 1.60429900e+01 1.59917900e+01 1.63157000e+01 1.70249400e+01
 1.73742900e+01 1.71344500e+01 1.66189500e+01 1.67439200e+01
 1.76932600e+01 1.77412200e+01 1.77021900e+01 2.43074100e+01
 3.59522800e+01 8.12412100e+01 2.32050530e+02 5.70561130e+02
 1.26083848e+03 2.57545922e+03 4.95388803e+03 9.08146115e+03"
"1.44092300e+01 1.43008600e+01 1.41980900e+01 1.40882700e+01
 1.39536500e+01 1.37742400e+01 1.35430400e+01 1.33576200e+01
 1.31704600e+01 1.29518000e+01 1.27256500e+01 1.25141700e+01
 1.23146800e+01 1.20537700e+01 1.16942800e+01 1.12191200e+01
 1.06220800e+01 9.91039000e+00 9.10828000e+00 8.26906000e+00
 7.59132000e+00 7.16891000e+00 7.11620000e+00 7.35970000e+00
 7.74391000e+00 8.14374000e+00 8.49762000e+00 8.80439000e+00
 9.10816000e+00 9.33710000e+00 9.51945000e+00 9.84664000e+00
 1.01029100e+01 1.02618100e+01 1.05481900e+01 1.07863000e+01
 1.08977200e+01 1.10923900e+01 1.14876700e+01 1.16914500e+01
 1.17961300e+01 1.21364300e+01 1.25839900e+01 1.28054500e+01
 1.28769900e+01 1.28768100e+01 1.31278600e+01 1.33909800e+01
 1.36033300e+01 1.39905800e+01 1.43133900e+01 1.45376000e+01
 1.45411100e+01 1.46712700e+01 1.47883000e+01 1.49117300e+01
 1.52863400e+01 1.57044800e+01 1.61548600e+01 1.62176700e+01
 1.60207200e+01 1.59632900e+01 1.62444500e+01 1.69427300e+01
 1.73038300e+01 1.70637800e+01 1.65197800e+01 1.65980600e+01
 1.75667300e+01 1.77189000e+01 1.80076900e+01 2.55083500e+01
 3.82485100e+01 7.98298900e+01 2.27307940e+02 5.59331930e+02
 1.23789719e+03 2.53257394e+03 4.87840684e+03 8.95451734e+03"
"1.73808700e+01 1.72322100e+01 1.70695900e+01 1.68812200e+01
 1.66503300e+01 1.63579000e+01 1.59935200e+01 1.56609800e+01
 1.53499500e+01 1.49817200e+01 1.46048800e+01 1.42226500e+01
 1.38762200e+01 1.34856800e+01 1.30006800e+01 1.23982200e+01
 1.16702600e+01 1.08236000e+01 9.88177000e+00 8.88903000e+00
 7.95167000e+00 7.31856000e+00 7.10016000e+00 7.30463000e+00
 7.71166000e+00 8.15119000e+00 8.54485000e+00 8.87390000e+00
 9.19160000e+00 9.44253000e+00 9.61606000e+00 9.90882000e+00
 1.01722400e+01 1.03149700e+01 1.05906800e+01 1.08471700e+01
 1.09583700e+01 1.11247000e+01 1.15027600e+01 1.17161100e+01
 1.18071200e+01 1.21226100e+01 1.25917100e+01 1.28268900e+01
 1.28975100e+01 1.28940100e+01 1.31424600e+01 1.33970400e+01
 1.36112500e+01 1.39765400e+01 1.42970800e+01 1.45198400e+01
 1.45520100e+01 1.46664000e+01 1.47853300e+01 1.48831200e+01
 1.52506300e+01 1.56655600e+01 1.61262900e+01 1.61914100e+01
 1.59986400e+01 1.59334300e+01 1.61724200e+01 1.68583300e+01
 1.72297400e+01 1.69894700e+01 1.64210600e+01 1.64614700e+01
 1.74559300e+01 1.77304800e+01 1.83995000e+01 2.68144300e+01
 4.06572200e+01 7.82126100e+01 2.22112820e+02 5.47338560e+02
 1.21368349e+03 2.48764140e+03 4.79970939e+03 8.82275136e+03"
"2.07171900e+01 2.05227300e+01 2.02921200e+01 2.00146100e+01
 1.96746400e+01 1.92544800e+01 1.87424400e+01 1.82389600e+01
 1.77866500e+01 1.72595400e+01 1.67111100e+01 1.61437400e+01
 1.56165600e+01 1.50731000e+01 1.44436700e+01 1.36978200e+01
 1.28249500e+01 1.18312300e+01 1.07399600e+01 9.59166000e+00
 8.45429000e+00 7.57270000e+00 7.12303000e+00 7.24686000e+00
 7.66877000e+00 8.15302000e+00 8.59320000e+00 8.95283000e+00
 9.28408000e+00 9.55965000e+00 9.73274000e+00 9.97775000e+00
 1.02468300e+01 1.03815700e+01 1.06353600e+01 1.09071700e+01
 1.10206900e+01 1.11583200e+01 1.15137300e+01 1.17390800e+01
 1.18186300e+01 1.21127500e+01 1.25973700e+01 1.28487700e+01
 1.29185200e+01 1.29135800e+01 1.31561300e+01 1.34010800e+01
 1.36167500e+01 1.39600900e+01 1.42791000e+01 1.45011200e+01
 1.45620500e+01 1.46615300e+01 1.47819400e+01 1.48541000e+01
 1.52140000e+01 1.56263100e+01 1.60957000e+01 1.61642400e+01
 1.59764800e+01 1.59021100e+01 1.60996900e+01 1.67716800e+01
 1.71520400e+01 1.69116900e+01 1.63229400e+01 1.63389100e+01
 1.73631700e+01 1.77789500e+01 1.88789000e+01 2.82104800e+01
 4.32027800e+01 7.66849100e+01 2.16498550e+02 5.34625170e+02
 1.18827317e+03 2.44076787e+03 4.71794743e+03 8.68626685e+03"
"2.44361800e+01 2.41901200e+01 2.38829500e+01 2.35051300e+01
 2.30425800e+01 2.24791400e+01 2.18032700e+01 2.11058000e+01
 2.04915800e+01 1.97978400e+01 1.90524200e+01 1.82915300e+01
 1.75503400e+01 1.68262800e+01 1.60316000e+01 1.51245700e+01
 1.40910900e+01 1.29365700e+01 1.16839500e+01 1.03719200e+01
 9.05701000e+00 7.89057000e+00 7.19853000e+00 7.18957000e+00
 7.61610000e+00 8.15018000e+00 8.64353000e+00 9.04189000e+00
 9.38785000e+00 9.68912000e+00 9.86807000e+00 1.00565900e+01
 1.03270900e+01 1.04619600e+01 1.06831200e+01 1.09660200e+01
 1.10841700e+01 1.11926100e+01 1.15203500e+01 1.17600200e+01
 1.18312100e+01 1.21100900e+01 1.26009300e+01 1.28710300e+01
 1.29402100e+01 1.29356200e+01 1.31686800e+01 1.34032400e+01
 1.36198400e+01 1.39412400e+01 1.42595900e+01 1.44819300e+01
 1.45713500e+01 1.46564700e+01 1.47779600e+01 1.48249900e+01
 1.51765000e+01 1.55869600e+01 1.60629700e+01 1.61363300e+01
 1.59539300e+01 1.58693100e+01 1.60263100e+01 1.66826700e+01
 1.70708500e+01 1.68306800e+01 1.62254900e+01 1.62320900e+01
 1.72914800e+01 1.78677000e+01 1.94440500e+01 2.96828300e+01
 4.58576100e+01 7.63848100e+01 2.10499610e+02 5.21240150e+02
 1.16174203e+03 2.39206154e+03 4.63327479e+03 8.54525613e+03"
"2.85557400e+01 2.82519700e+01 2.78592400e+01 2.73694100e+01
 2.67700800e+01 2.60470100e+01 2.51897500e+01 2.42759200e+01
 2.34763200e+01 2.26033400e+01 2.16410700e+01 2.06711400e+01
 1.96936300e+01 1.87568500e+01 1.77730600e+01 1.66849000e+01
 1.54736900e+01 1.41434000e+01 1.27158200e+01 1.12286900e+01
 9.73470000e+00 8.32526000e+00 7.33027000e+00 7.13486000e+00
 7.55541000e+00 8.14363000e+00 8.69701000e+00 9.14182000e+00
 9.50583000e+00 9.83174000e+00 1.00214400e+01 1.01514600e+01
 1.04136800e+01 1.05544900e+01 1.07356400e+01 1.10235100e+01
 1.11480800e+01 1.12273000e+01 1.15224400e+01 1.17786300e+01
 1.18455000e+01 1.21115600e+01 1.26023400e+01 1.28935800e+01
 1.29628100e+01 1.29591200e+01 1.31799800e+01 1.34037300e+01
 1.36206000e+01 1.39201300e+01 1.42386800e+01 1.44627800e+01
 1.45798200e+01 1.46512000e+01 1.47732200e+01 1.47958200e+01
 1.51382400e+01 1.55477900e+01 1.60280100e+01 1.61078700e+01
 1.59307300e+01 1.58350300e+01 1.59523800e+01 1.65912600e+01
 1.69863600e+01 1.67467300e+01 1.61288700e+01 1.61429400e+01
 1.72443800e+01 1.80009100e+01 2.00897500e+01 3.12187100e+01
 4.85920200e+01 7.72594800e+01 2.04151170e+02 5.07234260e+02
 1.13416320e+03 2.34163225e+03 4.54584715e+03 8.39993704e+03"
"3.30936400e+01 3.27257400e+01 3.22380100e+01 3.16239000e+01
 3.08729400e+01 2.99731000e+01 2.89157200e+01 2.77639300e+01
 2.67525500e+01 2.56832400e+01 2.44916800e+01 2.32868700e+01
 2.20613400e+01 2.08766000e+01 1.96760600e+01 1.83854800e+01
 1.69783000e+01 1.54553000e+01 1.38373900e+01 1.21620300e+01
 1.04808300e+01 8.86716000e+00 7.57244000e+00 7.09116000e+00
 7.48861000e+00 8.13477000e+00 8.75512000e+00 9.25374000e+00
 9.64174000e+00 9.98863000e+00 1.01925400e+01 1.02730500e+01
 1.05075400e+01 1.06576400e+01 1.07957900e+01 1.10795900e+01
 1.12117000e+01 1.12623800e+01 1.15199300e+01 1.17946200e+01
 1.18621200e+01 1.21154600e+01 1.26015500e+01 1.29162400e+01
 1.29865200e+01 1.29838200e+01 1.31899200e+01 1.34028200e+01
 1.36191700e+01 1.38970100e+01 1.42165400e+01 1.44441100e+01
 1.45872900e+01 1.46456200e+01 1.47675500e+01 1.47674300e+01
 1.50993000e+01 1.55090400e+01 1.59907400e+01 1.60789800e+01
 1.59066400e+01 1.57991600e+01 1.58779600e+01 1.64974000e+01
 1.68988700e+01 1.66602200e+01 1.60336300e+01 1.60715500e+01
 1.72260600e+01 1.81919800e+01 2.08100800e+01 3.28061400e+01
 5.13857100e+01 7.91715200e+01 1.97487440e+02 4.92659550e+02
 1.10561082e+03 2.28959229e+03 4.45582183e+03 8.25053028e+03"
"3.80674300e+01 3.76286800e+01 3.70360800e+01 3.62848700e+01
 3.53667500e+01 3.42722300e+01 3.29949800e+01 3.15845200e+01
 3.03319900e+01 2.90467700e+01 2.76169600e+01 2.61459000e+01
 2.46628600e+01 2.31981400e+01 2.17498800e+01 2.02333500e+01
 1.86097500e+01 1.68754300e+01 1.50509800e+01 1.31731100e+01
 1.12930800e+01 9.47911000e+00 7.88708000e+00 7.08806000e+00
 7.41817000e+00 8.12503000e+00 8.81932000e+00 9.37893000e+00
 9.79847000e+00 1.01613200e+01 1.03817200e+01 1.04321800e+01
 1.06104400e+01 1.07709500e+01 1.08682800e+01 1.11344200e+01
 1.12743600e+01 1.12981700e+01 1.15132200e+01 1.18077800e+01
 1.18815000e+01 1.21209200e+01 1.25984800e+01 1.29388300e+01
 1.30115500e+01 1.30093800e+01 1.31984200e+01 1.34008100e+01
 1.36157100e+01 1.38721700e+01 1.41933400e+01 1.44262900e+01
 1.45937000e+01 1.46396700e+01 1.47609300e+01 1.47401100e+01
 1.50598000e+01 1.54708300e+01 1.59511200e+01 1.60497700e+01
 1.58814600e+01 1.57616600e+01 1.58031400e+01 1.64011200e+01
 1.68087400e+01 1.65715200e+01 1.59411300e+01 1.60163100e+01
 1.72433600e+01 1.84863300e+01 2.15996100e+01 3.44339200e+01
 5.42237200e+01 8.17889100e+01 1.90542330e+02 4.77572340e+02
 1.07616109e+03 2.23605616e+03 4.36335761e+03 8.09725893e+03"
"4.34944000e+01 4.29777800e+01 4.22700100e+01 4.13683100e+01
 4.02668500e+01 3.89589600e+01 3.74411500e+01 3.57520600e+01
 3.42263200e+01 3.27038200e+01 3.10234100e+01 2.92581600e+01
 2.74999100e+01 2.57334400e+01 2.40041200e+01 2.22349400e+01
 2.03723100e+01 1.84075400e+01 1.63591400e+01 1.42627100e+01
 1.21705000e+01 1.01496900e+01 8.30918000e+00 7.13469000e+00
 7.34743000e+00 8.11586000e+00 8.89129000e+00 9.51894000e+00
 9.97769000e+00 1.03520800e+01 1.05901200e+01 1.06269900e+01
 1.07253500e+01 1.08939000e+01 1.09594800e+01 1.11885000e+01
 1.13355500e+01 1.13352800e+01 1.15056900e+01 1.18179100e+01
 1.19036800e+01 1.21275000e+01 1.25931300e+01 1.29612600e+01
 1.30380700e+01 1.30352300e+01 1.32054500e+01 1.33980700e+01
 1.36104300e+01 1.38459900e+01 1.41692700e+01 1.44095400e+01
 1.45989000e+01 1.46334700e+01 1.47531700e+01 1.47139700e+01
 1.50198600e+01 1.54330600e+01 1.59091100e+01 1.60202500e+01
 1.58549500e+01 1.57225300e+01 1.57279900e+01 1.63025000e+01
 1.67164200e+01 1.64810800e+01 1.58533500e+01 1.59760500e+01
 1.73006700e+01 1.88661900e+01 2.24531500e+01 3.60916300e+01
 5.70954900e+01 8.49345800e+01 1.83354010e+02 4.62029020e+02
 1.04590497e+03 2.18113498e+03 4.26861454e+03 7.94034806e+03"
"4.93915100e+01 4.87897000e+01 4.79560100e+01 4.68899000e+01
 4.55882500e+01 4.40475400e+01 4.22675900e+01 4.02799800e+01
 3.84470500e+01 3.66640700e+01 3.47156300e+01 3.26356200e+01
 3.05742500e+01 2.84928000e+01 2.64487000e+01 2.43966500e+01
 2.22706500e+01 2.00550800e+01 1.77633700e+01 1.54315900e+01
 1.31129100e+01 1.08743900e+01 8.80912000e+00 7.26880000e+00
 7.27959000e+00 8.10922000e+00 8.97290000e+00 9.67581000e+00
 1.01812500e+01 1.05643500e+01 1.08189100e+01 1.08511200e+01
 1.08583600e+01 1.10260000e+01 1.10737300e+01 1.12427800e+01
 1.13948200e+01 1.13748500e+01 1.15049200e+01 1.18248600e+01
 1.19282600e+01 1.21349700e+01 1.25855700e+01 1.29834200e+01
 1.30662400e+01 1.30614500e+01 1.32111300e+01 1.33950500e+01
 1.36035600e+01 1.38190400e+01 1.41445300e+01 1.43939500e+01
 1.46026400e+01 1.46272800e+01 1.47440600e+01 1.46894600e+01
 1.49796000e+01 1.53952800e+01 1.58647500e+01 1.59904100e+01
 1.58272200e+01 1.56817400e+01 1.56526000e+01 1.62016900e+01
 1.66224100e+01 1.63894300e+01 1.57744600e+01 1.59512100e+01
 1.73989600e+01 1.93145000e+01 2.33662100e+01 3.77695100e+01
 5.99953800e+01 8.85052800e+01 1.75977800e+02 4.46073590e+02
 1.01492026e+03 2.12494424e+03 4.17175374e+03 7.78002454e+03"
"5.57753300e+01 5.50807000e+01 5.41099500e+01 5.28649500e+01
 5.13455900e+01 4.95518600e+01 4.74873000e+01 4.51801700e+01
 4.30056200e+01 4.09371100e+01 3.87000600e+01 3.62912900e+01
 3.38915700e+01 3.14824600e+01 2.90928800e+01 2.67255500e+01
 2.43103600e+01 2.18210000e+01 1.92657000e+01 1.66812700e+01
 1.41202500e+01 1.16512200e+01 9.36198000e+00 7.50209000e+00
 7.21783000e+00 8.10693000e+00 9.06615000e+00 9.85127000e+00
 1.04102500e+01 1.08026300e+01 1.10693100e+01 1.11023200e+01
 1.10225100e+01 1.11677800e+01 1.12073100e+01 1.12994400e+01
 1.14518800e+01 1.14185300e+01 1.15103900e+01 1.18284800e+01
 1.19545000e+01 1.21433100e+01 1.25760500e+01 1.30048500e+01
 1.30962800e+01 1.30879300e+01 1.32156800e+01 1.33921400e+01
 1.35954000e+01 1.37921900e+01 1.41193400e+01 1.43795300e+01
 1.46047100e+01 1.46215200e+01 1.47335700e+01 1.46664400e+01
 1.49391800e+01 1.53568700e+01 1.58180800e+01 1.59601400e+01
 1.57980100e+01 1.56393000e+01 1.55770000e+01 1.60989400e+01
 1.65272600e+01 1.62971700e+01 1.57112000e+01 1.59441800e+01
 1.75432300e+01 1.98269600e+01 2.43352100e+01 3.94584100e+01
 6.29254200e+01 9.22977800e+01 1.68472870e+02 4.29755120e+02
 9.83268740e+02 2.06760303e+03 4.07293724e+03 7.61651673e+03"
"6.26620000e+01 6.18666300e+01 6.07472100e+01 5.93083000e+01
 5.75530800e+01 5.54853700e+01 5.31128900e+01 5.04634800e+01
 4.79132000e+01 4.55324200e+01 4.29838500e+01 4.02351000e+01
 3.74595900e+01 3.47033000e+01 3.19442300e+01 2.92280100e+01
 2.64959900e+01 2.37078200e+01 2.08681500e+01 1.80121600e+01
 1.51917300e+01 1.24780700e+01 9.95764000e+00 7.81033000e+00
 7.16673000e+00 8.11082000e+00 9.17328000e+00 1.00472000e+01
 1.06659200e+01 1.10732700e+01 1.13432700e+01 1.13804600e+01
 1.12373100e+01 1.13205800e+01 1.13546900e+01 1.13629700e+01
 1.15065100e+01 1.14675000e+01 1.15189000e+01 1.18286500e+01
 1.19815200e+01 1.21526800e+01 1.25654600e+01 1.30251600e+01
 1.31283400e+01 1.31147000e+01 1.32196300e+01 1.33895100e+01
 1.35862400e+01 1.37667100e+01 1.40938400e+01 1.43661500e+01
 1.46050300e+01 1.46170300e+01 1.47216600e+01 1.46448400e+01
 1.48987600e+01 1.53172300e+01 1.57691700e+01 1.59293300e+01
 1.57671100e+01 1.55952100e+01 1.55012400e+01 1.59946200e+01
 1.64315200e+01 1.62050000e+01 1.56680600e+01 1.59565600e+01
 1.77359400e+01 2.04024900e+01 2.53575400e+01 4.11496900e+01
 6.58957900e+01 9.63612100e+01 1.61099890e+02 4.13124930e+02
 9.51027150e+02 2.00921637e+03 3.97232784e+03 7.45005424e+03"
"7.00671200e+01 6.91627900e+01 6.78827100e+01 6.62343300e+01
 6.42244300e+01 6.18610400e+01 5.91564800e+01 5.61402500e+01
 5.31804400e+01 5.04590600e+01 4.75742000e+01 4.44703700e+01
 4.12867900e+01 3.81551000e+01 3.50090200e+01 3.19110900e+01
 2.88312800e+01 2.57184300e+01 2.25726400e+01 1.94243700e+01
 1.63271900e+01 1.33539700e+01 1.05911000e+01 8.18577000e+00
 7.13418000e+00 8.12309000e+00 9.29682000e+00 1.02660000e+01
 1.09505100e+01 1.13801400e+01 1.16436800e+01 1.16865200e+01
 1.15103100e+01 1.14876600e+01 1.15130800e+01 1.14407900e+01
 1.15588200e+01 1.15202500e+01 1.15287600e+01 1.18251800e+01
 1.20084600e+01 1.21634000e+01 1.25595700e+01 1.30440400e+01
 1.31624600e+01 1.31418600e+01 1.32241200e+01 1.33872700e+01
 1.35764300e+01 1.37443300e+01 1.40682100e+01 1.43536600e+01
 1.46036400e+01 1.46148100e+01 1.47083200e+01 1.46244900e+01
 1.48584600e+01 1.52759400e+01 1.57181500e+01 1.58978000e+01
 1.57347300e+01 1.55494000e+01 1.54253100e+01 1.58891700e+01
 1.63357700e+01 1.61138400e+01 1.56459700e+01 1.59906100e+01
 1.79759000e+01 2.10412300e+01 2.64303200e+01 4.28351700e+01
 6.88986300e+01 1.00751120e+02 1.56874290e+02 3.96234760e+02
 9.18272630e+02 1.94989281e+03 3.87008948e+03 7.28086765e+03"
"  78.00572   76.98393   75.53075   73.6568    71.37277   68.69127
   65.62966   62.22057   58.81761   55.72535   52.47835   48.99859
   45.38238   41.84024   38.29061   34.78109   31.32031   27.85552
   24.37988   20.91797   17.52626   14.27699   11.25881    8.60513
    7.13162    8.14644    9.43936   10.51044   11.26689   11.72578
   11.97542   12.02199   11.82855   11.67696   11.68153   11.5433
   11.60929   11.57391   11.53954   11.81784   12.03459   12.176
   12.56435   13.06126   13.19843   13.16967   13.23108   13.38552
   13.56634   13.72675   14.04269   14.34185   14.60062   14.61595
   14.69367   14.60518   14.81836   15.23279   15.66514   15.8654
   15.70053   15.50175   15.34916   15.78317   16.24056   16.02486
   15.63959   16.04889   18.26165   21.74354   27.55186   44.50715
   71.89517  105.16464  156.50958  379.13728  885.0823  1889.7445
 3766.39024 7109.18828"
"  86.49217   85.34413   83.70501   81.58888   79.01064   75.98786
   72.5434    68.71418   64.83448   61.33908   57.7034    53.82293
   49.75615   45.76288   41.78927   37.84208   33.96648   30.12113
   26.29005   22.49299   18.7875    15.24491   11.95765    9.05345
    7.16903    8.18322    9.60377   10.78368   11.61807   12.11308
   12.34537   12.38819   12.18418   11.90525   11.86052   11.67911
   11.65931   11.62662   11.5517    11.80636   12.05928   12.1911
   12.57562   13.07666   13.23579   13.19852   13.24191   13.38433
   13.55635   13.71423   14.01732   14.33051   14.59594   14.62011
   14.67752   14.58676   14.77845   15.18766   15.61033   15.83195
   15.66451   15.45217   15.27268   15.67732   16.14644   15.93966
   15.64455   16.13461   18.59354   22.50938   28.72215   46.1585
   74.85524  109.56039  158.18574  361.89173  851.5336  1828.88452
 3661.40034 6935.24791"
"  95.54013   94.25677   92.41848   90.04302   87.14987   83.76193
   79.90803   75.6303    71.24025   67.30777   63.25592   58.94767
   54.41609   49.9282    45.50411   41.09681   36.77323   32.51744
   28.30377   24.1494    20.10921   16.25594   12.68523    9.522
    7.2642     8.23594    9.79326   11.08927   12.00677   12.54298
   12.76323   12.78764   12.57576   12.19714   12.05233   11.84177
   11.71257   11.6774    11.56645   11.79078   12.08197   12.2093
   12.59067   13.09019   13.27396   13.22886   13.25682   13.3838
   13.54692   13.70531   13.99207   14.31942   14.5896    14.62508
   14.65992   14.56919   14.73863   15.14056   15.55388   15.79731
   15.62671   15.40058   15.19576   15.57242   16.05398   15.86058
   15.66032   16.25344   18.98914   23.33776   29.94142   47.78273
   77.76291  114.37868  161.74149  344.55626  817.71144 1767.47037
 3555.28431 6759.27854"
" 105.16245  103.73442  101.68333   99.03089   95.80151   92.02384
   87.73311   82.97751   78.04359   73.63833   69.14141   64.3774
   59.36442   54.34201   49.43467   44.54605   39.74307   35.04563
   30.4211    25.88595   21.48929   17.30787   13.43775   10.00516
    7.4256     8.30763   10.01171   11.43101   12.43628   13.01846
   13.23427   13.2248    13.00446   12.5618    12.26231   12.02147
   11.77532   11.72568   11.58573   11.774     12.10209   12.23096
   12.60816   13.10174   13.31238   13.26122   13.27502   13.38408
   13.5386    13.69853   13.96747   14.30837   14.58171   14.62923
   14.64113   14.55254   14.69872   15.09155   15.49597   15.76131
   15.58711   15.34693   15.11838   15.46931   15.96378   15.79147
   15.6883    16.40576   19.47785   24.2268    31.20955   49.37397
   80.61145  119.27609  166.30826  327.18683  783.70555 1705.5751
 3448.22233 6581.51212"
" 115.37111  113.78882  111.5109   108.56334  104.9758   100.78313
   96.02743   90.76367   85.25253   80.33668   75.36445   70.11624
   64.5996    59.01037   53.58127   48.188     42.87748   37.70533
   32.64122   27.70046   22.92547   18.39747   14.21132   10.49719
    7.62145    8.40201   10.2634    11.81286   12.91052   13.54381
   13.76247   13.70691   13.47084   12.98198   12.5032    12.21481
   11.85806   11.77172   11.61284   11.76815   12.11902   12.25605
   12.62739   13.11132   13.35063   13.29619   13.29667   13.38542
   13.53207   13.69319   13.94346   14.29718   14.57253   14.6319
   14.62121   14.53698   14.65856   15.04077   15.43679   15.72384
   15.54572   15.29117   15.04061   15.36887   15.87651   15.74087
   15.7306    16.59098   20.03484   25.17413   32.52793   50.92685
   83.40406  124.13267  171.91067  309.87428  749.57036 1643.30241
 3340.35576 6402.18035"
" 126.17714  124.43072  121.91158  118.65027  114.68208  110.04845
  104.7989    98.99582   92.87447   87.40776   81.92894   76.16724
   70.12057   63.93918   57.94459   52.0196    46.17699   40.49594
   34.96342   29.59083   24.41542   19.52094   15.00218   10.99462
    7.83403    8.52269   10.55241   12.23931   13.43377   14.12262
   14.34974   14.24604   13.97645   13.44659   12.79814   12.42208
   11.97552   11.81619   11.65287   11.77038   12.13211   12.28431
   12.64797   13.11922   13.38853   13.33445   13.32151   13.38824
   13.52819   13.68904   13.91985   14.28569   14.56236   14.63261
   14.60018   14.52279   14.61804   14.9884    15.3765    15.68478
   15.50258   15.23326   14.96264   15.27195   15.79299   15.72578
   15.78959   16.8102    20.64448   26.17745   33.89986   52.43716
   86.14937  128.902    177.78329  292.73099  715.37554 1580.76276
 3231.83768 6221.51457"
" 137.59053  135.66989  132.89478  129.3006   124.92869  119.82751
  114.05448  107.68008  100.91611   94.85582   88.8383    82.53228
   75.9267    69.13379   62.52549   56.03773   49.64013   43.41709
   37.38667   31.55437   25.95593   20.67396   15.80631   11.49165
    8.05123    8.67364   10.8835    12.71518   14.01089   14.75856
   14.99746   14.85255   14.52497   13.95415   13.17243   12.64692
   12.13566   11.86171   11.70518   11.77548   12.14078   12.3155
   12.66977   13.1265    13.42607   13.37671   13.34946   13.39315
   13.52789   13.68606   13.89694   14.27375   14.55153   14.63133
   14.57832   14.51038   14.57723   14.93468   15.31525   15.64401
   15.45769   15.17322   14.88484   15.17931   15.71424   15.73489
   15.86767   17.06461   21.30181   27.23477   35.33045   53.90267
   88.8457   133.55766  183.91495  278.43496  681.19389 1518.06568
 3122.82725 6039.7468 "
" 149.62017  147.51496  144.46878  140.52218  135.72291  130.12695
  123.8001   116.82162  109.38331  102.68459   96.09538   89.21244
   82.01729   74.59635   67.32474   60.24002   53.26271   46.46696
   39.90816   33.58728   27.54255   21.85183   16.6188    11.98243
    8.26318    8.85979   11.26205   13.2456    14.64806   15.45639
   15.71104   15.53209   15.12329   14.50525   13.62727   12.8989
   12.32665   11.91445   11.76238   11.78155   12.14447   12.34929
   12.69293   13.13712   13.46307   13.4236    13.38077   13.40109
   13.53219   13.68435   13.87489   14.26125   14.54031   14.62823
   14.55611   14.50038   14.53644   14.87986   15.25319   15.60142
   15.41108   15.1111    14.80772   15.09163   15.64159   15.75674
   15.96711   17.35493   22.00414   28.34447   36.82418   55.32477
   91.47833  138.08902  190.84074  272.93685  647.09772 1455.31963
 3013.48339 5857.11938"
" 162.27372  159.97341  156.64071  152.32169  147.07091  140.95231
  134.04064  126.42453  118.28082  110.8969   103.70221   96.20806
   88.39122   80.32239   72.34309   64.6243    57.03916   49.64193
   42.52353   35.68518   29.17022   23.04947   17.43359   12.46115
    8.4612     9.08728   11.69422   13.83647   15.35036   16.22123
   16.4942    16.28683   15.78469   15.10066   14.14346   13.19676
   12.53886   11.98589   11.82108   11.78835   12.14273   12.38478
   12.71777   13.15824   13.49936   13.4755    13.41575   13.41349
   13.54192   13.68408   13.8539    14.24812   14.52888   14.62307
   14.5339    14.49331   14.4963    14.82422   15.19047   15.55692
   15.36275   15.04702   14.73195   15.00948   15.57693   15.79231
   16.0902    17.6813    22.74968   29.50519   38.37988   56.71365
   94.02891  142.49883  198.05258  272.6058   613.15866 1392.63191
 2903.98821 5673.86963"
" 175.55758  173.0514   169.41643  164.70458  158.97762  152.30794
  144.77977  136.49176  127.61173  119.49416  111.65931  103.51871
   95.04675   86.30414   77.58133   69.18747   60.96351   52.93783
   45.22803   37.8436    30.83346   24.26118   18.24414   12.92162
    8.63755    9.36236   12.18732   14.4944    16.12342   17.05857
   17.35087   17.1169    16.52311   15.74362   14.71162   13.56684
   12.77153   12.0909    11.8808    11.79698   12.13524   12.42071
   12.74478   13.18877   13.53504   13.53251   13.45491   13.43218
   13.55743   13.68555   13.83448   14.23431   14.51737   14.61584
   14.5123    14.48876   14.45796   14.76803   15.12723   15.51042
   15.31267   14.9812    14.65823   14.93338   15.52312   15.84245
   16.23975   18.04409   23.53698   30.71572   39.99087   58.11065
   96.48079  146.8156   204.93173  276.95343  579.45082 1330.10919
 2794.55587 5490.25352"
" 189.47675  186.75376  182.80047  177.67497  171.44666  164.1969
  156.01992  147.02507  137.37696  128.47637  119.96554  111.14322
  101.98136   92.53475   83.04065   73.92571   65.02888   56.35002
   48.01645   40.0575    32.52568   25.48065   19.04342   13.35798
    8.78556    9.69216   12.74759   15.2262    16.9737    17.97514
   18.28708   18.02853   17.34695   16.44048   15.33      14.02633
   13.03054   12.24393   11.94237   11.80966   12.12216   12.45563
   12.77458   13.22541   13.57035   13.5941    13.49888   13.45954
   13.57861   13.68913   13.81757   14.21983   14.50588   14.6069
   14.492     14.48503   14.42275   14.71157   15.06365   15.46175
   15.2608    14.91396   14.5872    14.86382   15.48507   15.90758
   16.42032   18.446     24.36487   31.9749    41.65052   59.62316
   98.82025  151.14455  211.97101  282.48529  546.10637 1267.87389
 2685.28751 5306.45237"
" 204.03478  201.08384  196.7959   191.23554  184.48027  176.62088
  167.7622   158.0249   147.57531  137.84261  128.61855  119.07971
  109.19168   99.00835   88.72228   78.83427   69.2283    59.87113
   50.8822    42.32038   34.23928   26.70048   19.82382   13.76212
    8.89924   10.08513   13.38258   16.03959   17.90804   18.97776
   19.30855   19.02407   18.25818   17.20583   15.99817   14.56924
   13.33056   12.44607   12.00908   11.83003   12.1062    12.48814
   12.8078    13.26653   13.60571   13.65946   13.54854   13.49765
   13.60519   13.69526   13.80501   14.20468   14.49448   14.5963
   14.47401   14.48088   14.39144   14.65507   14.99994   15.41085
   15.20708   14.84587   14.51959   14.80138   15.47055   15.98872
   16.63269   18.89441   25.23223   33.28162   43.35504   61.2204
  101.03599  155.48024  219.55691  290.79958  513.22    1206.0515
 2576.30252 5122.67912"
" 219.23361  216.04346  211.40427  205.38752  198.07922  189.58015
  180.00631  169.49033  158.20399  147.59121  137.61499  127.32507
  116.67354  105.71923   94.62471   83.90791   73.55499   63.49147
   53.81738   44.62394   35.96605   27.91204   20.57702   14.12522
    8.97364   10.55066   14.10055   16.94231   18.93409   20.07284
   20.42088   20.10719   19.25738   18.05597   16.71901   15.17724
   13.69457   12.68456   12.08642   11.86491   12.09753   12.51707
   12.84527   13.31141   13.64172   13.728     13.60502   13.54792
   13.63688   13.70434   13.79993   14.18884   14.48315   14.58416
   14.45976   14.47569   14.36384   14.59876   14.93643   15.35776
   15.15146   14.77773   14.45547   14.74675   15.48012   16.08746
   16.877     19.39532   26.13788   34.63473   45.10491   62.83846
  103.11881  159.61439  227.05678  299.70835  480.88893 1144.70099
 2467.74991 4939.15438"
" 235.07356  231.63278  226.6255   220.13048  212.2427   203.07342
  192.75042  181.41898  169.25904  157.71949  146.95047  135.87414
  124.42197  112.66132  100.73877   89.1411    78.00093   67.20104
   56.81313   46.95893   37.69724   29.10597   21.29378   14.43839
    9.00574   11.09845   14.91055   17.94306   20.06033   21.2676
   21.63164   21.28602   20.35029   19.00269   17.49841   15.844
   14.14494   12.95409   12.18567   11.91767   12.09535   12.54142
   12.88747   13.3598    13.67944   13.79949   13.66987   13.60918
   13.67345   13.71679   13.8048    14.17266   14.47187   14.57099
   14.45113   14.46915   14.33931   14.54278   14.87353   15.30216
   15.09388   14.71071   14.39491   14.70092   15.50454   16.20559
   17.15483   19.94604   27.08053   36.03313   46.90828   64.53167
  105.06125  163.4933   234.31702  308.80749  450.80444 1083.9173
 2359.77757 4756.09548"
" 251.55315  247.8502   242.45781  235.46234  226.96824  217.09779
  205.99115  193.80692  180.7353   168.22298  156.61966  144.71975
  132.43062  119.82709  107.04923   94.52737   82.55732   70.98928
   59.85938   49.31545   39.42302   30.27193   21.96404   14.69216
    8.99759   11.73914   15.82338   19.05094   21.29578   22.56994
   22.9491    22.56495   21.53932   20.04815   18.3486    16.56735
   14.68917   13.25982   12.32081   11.97914   12.09436   12.56042
   12.93326   13.41177   13.72118   13.87403   13.74542   13.68054
   13.71483   13.73317   13.81697   14.15605   14.46052   14.5572
   14.45012   14.46117   14.31722   14.48725   14.81195   15.24397
   15.03435   14.64622   14.3382    14.66531   15.54049   16.34487
   17.46791   20.54115   28.05877   37.47569   48.78184   66.37515
  106.85659  167.10091  241.28213  318.37957  437.60307 1023.79672
 2252.53104 4573.71542"
" 268.66905  264.69231  258.89756  251.37922  242.25161  231.64863
  219.72342  206.64858  192.62626  179.09488  166.61625  153.85332
  140.6907   127.20668  113.54085  100.06012   87.2159    74.84395
   62.94426   51.68225   41.1323    31.39859   22.57903   14.87655
    8.96432   12.48428   16.84901   20.27524   22.64959   23.98848
   24.3798    23.94923   22.82836   21.19338   19.28854   17.34833
   15.3165    13.61715   12.50498   12.04585   12.09276   12.57358
   12.981     13.46762   13.7719    13.95197   13.83429   13.76087
   13.76118   13.75418   13.83258   14.13897   14.44891   14.54312
   14.45712   14.45174   14.29716   14.43226   14.75258   15.1836
   14.97293   14.58561   14.28575   14.64198   15.58827   16.50693
   17.81708   21.17443   29.07098   38.96112   50.73571   68.33984
  108.49986  170.43923  247.90261  329.56218  435.23757  964.43368
 2146.15326 4392.31258"
" 286.41594  282.1537   275.93923  267.87532  258.08673  246.71949
  233.94039  219.93671  204.92392  190.32651  176.93229  163.26502
  149.19134  134.78857  120.19952  105.73223   91.96693   78.75269
   66.05494   54.04681   42.81351   32.47387   23.12588   14.98096
    8.95843   13.34616   17.99838   21.62618   24.131     25.53271
   25.93106   25.44752   24.22689   22.44298   20.33408   18.19164
   16.01283   14.04626   12.73895   12.12036   12.0908    12.58055
   13.02951   13.52778   13.83636   14.03372   13.93688   13.8498
   13.81302   13.78066   13.85004   14.12178   14.4369    14.52935
   14.4692    14.44095   14.27888   14.3779    14.69613   15.12058
   14.90983   14.52974   14.23831   14.6336    15.64937   16.69345
   18.20215   21.84117   30.11524   40.48783   52.76538   70.37761
  109.98826  173.5816   254.18265  340.43483  440.71302  905.92068
 2040.7845  4212.03894"
" 304.78643  300.22695  293.57524  284.94289  274.46556  262.30203
  248.63334  233.66219  217.61861  201.90791  187.55713  172.94359
  157.92031  142.56007  127.01112  111.53613   96.79789   82.70283
   69.17867   56.39562   44.45476   33.48496   23.59131   14.99395
    9.14408   14.33752   19.28317   23.11509   25.75063   27.21273
   27.61181   27.06998   25.73801   23.80013   21.48836   19.10667
   16.77268   14.56212   13.0165    12.20757   12.09061   12.58121
   13.07798   13.59282   13.9139    14.11979   14.05195   13.94713
   13.87134   13.8135    13.86889   14.10436   14.42459   14.51653
   14.48283   14.42891   14.26217   14.32425   14.642     15.0549
   14.8455    14.4789    14.19721   14.64263   15.72593   16.90635
   18.62218   22.53854   31.18938   42.05371   54.86172   72.47722
  111.31735  176.64282  260.11593  350.57221  448.44704  848.38848
 1936.56308 4033.06222"
" 323.77091  318.90244  311.79588  302.57205  291.37802  278.38588
  263.79162  247.81406  230.69888  213.82803  198.47777  182.87627
  166.86402  150.50714  133.96068  117.46098  101.69549   86.6796
   72.30127   58.71403   46.04096   34.41789   23.96174   14.90363
    9.64318   15.47165   20.71577   24.75456   27.51938   29.03888
   29.43143   28.82222   27.36771   25.26899   22.752     20.11184
   17.59318   15.167     13.33907   12.31657   12.09627   12.57565
   13.12579   13.66335   14.00237   14.21085   14.17829   14.0532
   13.93769   13.85337   13.88919   14.08687   14.412     14.50521
   14.49599   14.41583   14.24691   14.27141   14.58861   14.98697
   14.78103   14.43307   14.16459   14.66955   15.82038   17.14853
   19.07591   23.26497   32.29088   43.65601   57.01649   74.6312
  112.49124  179.56106  265.7376   361.35641  460.98648  792.08081
 1833.67085 3855.58281"
" 343.35751  338.16829  330.58921  320.75074  308.81185  294.95857
  279.4025   262.37931  244.15139  226.07445  209.67961  193.04869
  176.00736  158.61424  141.03202  123.4879   106.64485   90.66665
   75.40482   60.98567   47.55564   35.25742   24.2226    14.69782
   10.38832   16.76268   22.30998   26.55787   29.44846   31.02181
   31.39896   30.7121    29.12624   26.85701   24.12841   21.22703
   18.47689   15.85022   13.71828   12.4598    12.11377   12.56449
   13.17255   13.73977   14.10054   14.30769   14.31385   14.1684
   14.01398   13.90052   13.91127   14.0696    14.39896   14.49587
   14.50776   14.40194   14.2331    14.21954   14.53503   14.91667
   14.71905   14.39215   14.1431    14.71217   15.93501   17.42316
   19.56416   24.01847   33.41703   45.29105   59.22372   76.8557
  113.52085  182.26637  271.18026  372.59814  474.52638  737.0519
 1732.24053 3679.79716"
" 363.53189  358.01021  349.94092  339.46456  326.75254  312.00543
  295.45111  277.34288  257.9608   238.63229  221.14643  203.44492
  185.33352  166.86419  148.20746  129.59299  111.63004   94.64801
   78.4701    63.19227   48.98142   35.98716   24.35845   14.36479
   11.34898   18.22582   24.08056   28.53795   31.55018   33.17267
   33.52493   32.75021   31.02415   28.56822   25.62064   22.45804
   19.4294    16.60434   14.16948   12.64834   12.14977   12.55069
   13.21796   13.82213   14.20793   14.41142   14.45701   14.29365
   14.10143   13.95489   13.93579   14.053     14.38562   14.48883
   14.51773   14.38753   14.22083   14.16886   14.48104   14.8441
   14.66363   14.35616   14.13482   14.76798   16.07193   17.73141
   20.08895   24.79776   34.56496   46.95466   61.47808   79.19584
  114.44087  184.7228   276.72755  383.50889  488.22589  684.73217
 1632.34331 3505.89755"
" 384.2772   378.41143  369.83425  358.6967   345.18319  329.50944
  311.92031  292.68748  272.10965  251.4838   232.86033  214.04781
  194.82391  175.23806  155.46771  135.75391  116.63536   98.60594
   81.4784    65.31465   50.30002   36.58978   24.35306   13.89412
   12.5219    19.87847   26.04187   30.70783   33.83813   35.50324
   35.82104   34.94741   33.0669    30.40967   27.23279   23.80462
   20.46537   17.42181   14.70252   12.88808   12.20568   12.54495
   13.2618    13.91032   14.32448   14.52431   14.60681   14.43025
   14.201     14.01629   13.96344   14.03785   14.37233   14.48414
   14.52576   14.37293   14.21034   14.11969   14.42669   14.76971
   14.61641   14.32524   14.1409    14.83581   16.23298   18.07567
   20.65287   25.60202   35.73177   48.64268   63.77303   81.79335
  115.46964  186.91274  281.94259  393.87343  502.24842  661.62476
 1534.10112 3334.07186"
" 405.57392  399.35252  390.24983  378.42783  364.08443  347.45117
  328.79061  308.39356  286.57831  264.60919  244.80156  224.83916
  204.45804  183.71506  162.79179  141.94776  121.64335  102.51937
   84.41061   67.33311   51.49212   37.04722   24.18937   13.27769
   13.91396   21.73796   28.20941   33.08215   36.32708   38.02566
   38.29949   37.3112    35.26193   32.39162   28.97082   25.26799
   21.60769   18.30209   15.31797   13.18039   12.27957   12.54587
   13.3039    14.00407   14.45039   14.65149   14.76273   14.57865
   14.31168   14.08463   13.99475   14.02579   14.35892   14.4816
   14.53186   14.3586    14.20175   14.07253   14.37219   14.69388
   14.5764    14.2997    14.16213   14.91575   16.41956   18.45921
   21.25684   26.43041   36.91452   50.35115   66.10422   84.55165
  117.02054  188.81851  286.62585  403.61883  518.54271  657.5217
 1437.63356 3164.50339"
" 427.39975  420.81134  411.16561  398.63592  383.43428  365.80866
  346.04004  324.43915  301.34481  277.9869   256.94862  235.7979
  214.21348  192.27252  170.15698  148.14863  126.63605  106.36715
   87.24473   69.22668   52.53714   37.34032   23.84943   12.51695
   15.5377    23.82074   30.60002   35.67703   39.03193   40.75299
   40.97118   39.8526    37.6214    34.52403   30.83988   26.85056
   22.86746   19.24727   16.00912   13.53007   12.37402   12.54932
   13.34419   14.10303   14.58601   14.7985    14.92454   14.73973
   14.4336    14.16006   14.03047   14.02137   14.34573   14.48085
   14.53612   14.34508   14.1951    14.0281    14.31783   14.61754
   14.5426    14.28005   14.19912   15.00879   16.63172   18.88427
   21.89978   27.28199   38.11027   52.07682   68.46692   87.3199
  118.57957  190.43007  290.75627  412.68078  535.05941  666.28051
 1343.05657 2997.37077"
" 449.72947  442.76285  432.5567   419.29622  403.20806  384.5573
  363.64406  340.79982  316.3848   291.59358  269.2787   246.89834
  224.0659   200.88574  177.53915  154.32988  131.59465  110.12823
   89.956     70.97189   53.41256   37.44758   23.31454   11.64671
   17.41008   26.14536   33.23202   38.50968   41.96753   43.69934
   43.84783   42.5849    40.15672   36.81296   32.84683   28.55633
   24.24413   20.26541   16.76909   13.94631   12.49551   12.55479
   13.38266   14.20687   14.73182   14.96507   15.09215   14.91326
   14.5669    14.24322   14.07155   14.03453   14.33274   14.48146
   14.53874   14.33305   14.19049   13.98735   14.26403   14.54359
   14.51457   14.26698   14.25189   15.11654   16.86947   19.34978
   22.57986   28.15625   39.31608   53.81833   70.85807   90.08697
  120.32566  191.74307  294.32423  421.07467  550.30242  678.4318
 1250.56141 2832.88825"
" 472.53484  465.17903  454.39527  440.38105  423.37826  403.66972
  381.57546  357.44849  331.67139  305.40403  281.76759  258.1124
  233.98933  209.52807  184.91397  160.46392  136.49126  113.77921
   92.51959   72.54375   54.09388   37.34587   22.56555   10.86267
   19.54969   28.73159   36.12507   41.59731   45.14935   46.87955
   46.94284   45.52393   42.87419   39.26596   35.00087   30.39027
   25.73718   21.37759   17.59148   14.4363    12.65249   12.56361
   13.41941   14.31534   14.88833   15.14854   15.26567   15.0988
   14.71175   14.33533   14.11907   14.06141   14.32024   14.48296
   14.54      14.32332   14.18802   13.95143   14.21133   14.47736
   14.49236   14.26142   14.31966   15.24101   17.13304   19.8519
   23.29546   29.05328   40.52898   55.57891   73.27674   92.86102
  122.65443  192.75289  297.35724  428.7755   565.34509  697.82737
 1160.33151 2671.24401"
" 495.78445  488.02874  476.65041  461.85974  443.9144   423.11567
  399.80422  374.35541  347.17511  319.3895   294.38679  269.41039
  243.95733  218.17113  192.25516  166.52158  141.2896   117.2976
   94.91119   73.91977   54.55557   37.01147   21.58339   11.3715
   21.97742   31.60044   39.29928   44.95774   48.59385   50.30967
   50.27111   48.67826   45.78403   41.8949    37.31039   32.35759
   27.34802   22.60291   18.47731   15.00139   12.85317   12.57857
   13.45463   14.42829   15.05609   15.34706   15.44576   15.29628
   14.86895   14.4381    14.1741    14.09163   14.30808   14.48497
   14.54027   14.3171    14.1877    13.9215    14.16045   14.42056
   14.4763    14.26458   14.40125   15.38425   17.42204   20.38725
   24.04543   29.97389   41.74598   57.36724   75.72235   95.74249
  125.24884  193.45998  300.187    435.82772  581.6957   718.29074
 1072.67269 2512.65529"
" 519.44359  511.27758  499.28803  483.69847  464.78296  442.86191
  418.2974   391.48799  362.86373  333.51707  307.10301  280.76059
  253.94136  226.78642  199.52891  172.47173  145.9523   120.65245
   97.10306   75.07073   54.77156   36.41991   20.35027   13.16452
   24.71477   34.77443   42.77483   48.61018   52.31876   54.00639
   53.84786   52.05903   48.90021   44.70989   39.78246   34.46465
   29.07981   23.94291   19.42586   15.63828   13.10496   12.60372
   13.48868   14.54566   15.23552   15.55959   15.63454   15.50351
   15.03998   14.55336   14.23745   14.12388   14.29628   14.48715
   14.54      14.31648   14.18957   13.8982    14.11234   14.37162
   14.46692   14.27824   14.49571   15.54794   17.73714   20.95416
   24.82887   30.91974   42.96413   59.18726   78.19628   98.84588
  128.00411  193.87738  302.88813  442.34994  597.56054  738.78166
  989.91568 2357.18365"
" 543.47412  534.88776  522.27068  505.86015  485.94721  462.87209
  437.01907  408.81073  378.70223  347.75134  319.88086  292.1289
  263.90531  235.34394  206.69981  178.28119  150.44305  123.81207
   99.06275   75.96779   54.71501   35.54592   18.85185   15.50069
   27.7856    38.27763   46.57275   52.57513   56.3433    57.98692
   57.68698   55.67952   52.2442    47.71867   42.42512   36.71912
   30.93676   25.39525   20.44926   16.34169   13.41407   12.64386
   13.52212   14.66734   15.4269    15.78586   15.83853   15.7193
   15.22633   14.6827    14.30961   14.15864   14.285     14.48925
   14.53972   14.32575   14.19374   13.88155   14.06828   14.32945
   14.46489   14.30511   14.60265   15.73305   18.07937   21.55232
   25.64566   31.89312   44.18055   61.03313   80.70562  102.13124
  130.91922  194.00617  305.24181  448.78927  612.5766   759.55632
  958.04856 2204.94432"
" 567.83433  558.81798  545.55749  528.30432  507.36711  483.10663
  455.93012  426.28506  394.65264  362.05515  332.68302  303.47867
  273.81053  243.80429  213.73155  183.91453  154.72538  126.74621
  100.7581    76.57868   54.35686   34.36309   17.08215   18.26893
   31.21565   42.13486   50.7155    56.87464   60.6873    62.26818
   61.80463   59.55599   55.82008   50.93124   45.24847   39.12844
   32.92366   26.9598    21.57141   17.10688   13.78622   12.70371
   13.55604   14.79329   15.63033   16.02612   16.06945   15.94352
   15.42913   14.82765   14.39079   14.19647   14.27437   14.49113
   14.53999   14.34761   14.20041   13.87139   14.02969   14.29385
   14.4709    14.34888   14.72237   15.93997   18.45092   22.18231
   26.49506   32.89627   45.39249   62.8963    83.26626  105.53203
  134.00275  193.87228  307.16343  455.12838  626.51848  783.56645
  954.14784 2056.08238"
" 592.4788   583.02328  569.10395  550.98697  528.99918  503.52259
  474.98822  443.86927  410.67395  376.38994  345.4697   314.77059
  283.61726  252.12642  220.58573  189.33403  158.76161  129.42325
  102.15859   76.86863   53.66488   32.84377   15.06814   21.45855
   35.03236   46.3717    55.22696   61.53218   65.37075   66.86719
   66.21837   63.70776   59.63919   54.36018   48.26182   41.69952
   35.0461    28.63848   22.8034    17.93136   14.22526   12.78737
   13.59259   14.92357   15.84587   16.28097   16.32856   16.17646
   15.64883   14.9874    14.48118   14.23799   14.26462   14.4927
   14.54142   14.37461   14.20978   13.86763   13.9978    14.2651
   14.48572   14.41186   14.85593   16.16875   18.85597   22.84514
   27.37692   33.93066   46.59726   64.76894   85.89785  109.00774
  137.29113  193.57985  308.61768  460.56042  639.28606  807.8718
  969.92488 1910.73784"
" 617.35825  607.45492  592.86186  573.86046  550.79637  524.07356
  494.14762  461.51839  426.72198  390.71631  358.19833  325.96254
  293.28353  260.26843  227.22151  194.49959  162.51219  131.81002
  103.22825   76.80288   52.60568   30.96059   13.02021   25.08572
   39.26438   51.01488   60.13251   66.57163   70.41405   71.80311
   70.94851   68.14383   63.71445   58.02287   51.47368   44.44009
   37.3103    30.43469   24.14168   18.81417   14.73109   12.89877
   13.63509   15.05833   16.07352   16.55136   16.611     16.41772
   15.88519   15.16237   14.58127   14.2843    14.2562    14.49391
   14.54456   14.40384   14.22196   13.87041   13.9734    14.24378
   14.51004   14.49355   15.00531   16.4194    19.30352   23.54173
   28.2906    34.99678   47.79248   66.64423   88.58725  112.53387
  141.12636  193.91588  309.58633  465.0709   650.90043  830.08157
  990.85446 1769.19821"
" 642.41944  632.0602   616.77913  596.87334  572.70792  544.7095
  513.35911  479.18404  442.7493   404.98938  370.82338  337.00954
  302.76473  268.18619  233.59553  199.36861  165.9355   133.86304
  103.92584   76.34781   51.14547   28.68797   13.08613   29.17583
   43.94167   56.09251   65.45935   72.0165    75.83877   77.09807
   76.01404   72.88232   68.06142   61.92915   54.89378   47.35899
   39.72285   32.35278   25.58364   19.76747   15.30071   13.04261
   13.68538   15.19786   16.31332   16.83847   16.91416   16.6676
   16.13765   15.35326   14.69205   14.33632   14.24984   14.49492
   14.54987   14.43506   14.23718   13.88012   13.95684   14.23049
   14.54459   14.5923    15.17342   16.69201   19.79946   24.27234
   29.23574   36.09425   48.97637   68.5173    91.29462  116.09155
  145.28895  195.15737  310.06054  468.63462  661.3224   851.53076
 1020.76898 1631.54954"
" 667.60497  656.78235  640.79968  619.97025  594.67922  565.37668
  532.56982  496.81435  458.70509  419.15648  383.29627  347.86359
  312.01338  275.83282  239.66173  203.89597  168.98842  135.52789
  104.21391   75.46818   49.25042   26.00602   16.32345   33.7589
   49.09592   61.63436   71.23621   77.8909    81.66876   82.77626
   81.42936   77.94012   72.70076   66.08884   58.53306   50.46469
   42.29041   34.39713   27.12919   20.81694   15.93006   13.22489
   13.74328   15.34256   16.5654    17.14372   17.23723   16.92948
   16.40485   15.56117   14.81506   14.39486   14.24706   14.4959
   14.5577    14.46842   14.25579   13.89725   13.94825   14.22607
   14.5903    14.70656   15.36335   16.98687   20.3241    25.03642
   30.21143   37.22225   50.14774   70.38176   93.99314  119.67227
  149.40252  196.31951  310.03606  471.24886  670.56867  874.89766
 1051.36887 1498.388  "
" 692.85315  681.5604   664.86326  643.09175  616.65174  586.01745
  551.72316  514.35382  474.53504  433.16243  395.56523  358.4736
  320.97903  283.15863  245.3713   208.03388  171.6282   136.75342
  104.05336   74.11993   46.89015   22.90702   20.48332   38.86813
   54.76071   67.67209   77.49227   84.22062   87.93115   88.85807
   87.21261   83.3346    77.64217   70.51404   62.40409   53.76537
   45.01977   36.57271   28.78032   21.96718   16.61512   13.45038
   13.8089    15.49295   16.83002   17.46857   17.58009   17.22327
   16.68479   15.78765   14.95222   14.46108   14.25198   14.49687
   14.56829   14.50421   14.27823   13.92249   13.94762   14.23133
   14.64802   14.83518   15.57687   17.30447   20.87074   25.83281
   31.21718   38.37979   51.30699   72.23086   96.6675   123.26087
  153.45681  198.73629  309.5136   473.04169  678.71357  897.47823
 1081.61557 1378.90991"
" 718.09788  706.32899  688.90535  666.17422  638.56279  606.57022
  570.75864  531.74319  490.18123  446.95016  407.57523  368.78533
  329.60818  290.11096  250.67258  211.73188  173.80459  137.49007
  103.395     72.25876   44.02495   19.40986   25.31352   44.5394
   60.9714    74.23933   84.25749   91.03364   94.65444   95.36272
   93.38415   89.09442   82.90005   75.21862   66.5183    57.27023
   47.91837   38.88483   30.54001   23.21131   17.35258   13.7243
   13.88187   15.64968   17.10756   17.81443   17.94333   17.56462
   16.97615   16.03425   15.10567   14.53607   14.27774   14.49848
   14.58181   14.54278   14.30506   13.95639   13.95502   14.24762
   14.71851   14.97744   15.81403   17.64562   21.43863   26.66008
   32.25181   39.56597   52.45831   74.05859   99.30754  126.85122
  157.48407  201.80928  308.51078  474.78125  685.94678  918.62916
 1112.37337 1342.83393"
" 743.26845  731.01825  712.85698  689.14967  660.34548  626.96924
  589.61178  548.91934  505.582    460.46202  419.26857  378.74377
  337.84414  296.63411  255.511    214.93672  175.4625   137.68705
  102.19778   69.84208   40.61737   15.72267   30.79926   50.81117
   67.76524   81.37093   91.56334   98.35987  101.86413  102.31245
   99.97137   95.22893   88.49272   80.21931   70.88648   60.98925
   50.99395   41.33919   32.41153   24.54539   18.14166   14.05064
   13.96252   15.81351   17.39856   18.18252   18.32819   17.94006
   17.2793    16.30197   15.27854   14.62066   14.32217   14.50053
   14.59841   14.5845    14.33695   13.99922   13.97074   14.27663
   14.80249   15.13313   16.0742    18.01148   22.02773   27.51673
   33.31447   40.78006   53.61806   75.85921  101.90526  130.44548
  161.88821  205.1322   307.02761  476.128    692.99198  938.06916
 1148.11799 1346.41194"
" 768.28944  755.55363  736.64461  711.94564  681.92852  647.1445
  608.21396  565.81517  520.67186  473.64099  430.59684  388.3029
  345.62694  302.66923  259.82898  217.59236  176.5467   137.29147
  100.41078   66.8352    36.63704   14.7767    36.96419   57.72437
   75.18163   89.10246   99.44253  106.23039  109.58474  109.73215
  107.00372  101.7564    94.43572   85.53      75.5202    64.93258
   54.25396   43.94178   34.39863   25.96903   19.01771   14.43179
   14.05104   15.98538   17.70368   18.57379   18.73649   18.34394
   17.59396   16.59076   15.4716    14.7156    14.37053   14.50318
   14.61824   14.62982   14.37467   14.05117   13.99531   14.3209
   14.90073   15.30267   16.35684   18.40369   22.63812   28.40127
   34.40429   42.02159   54.90645   77.62688  104.45726  134.03698
  166.62725  208.63919  305.09415  476.84866  699.82586  955.62792
 1182.8891  1371.65956"
" 793.08051  779.8558   760.18996  734.48503  703.23611  667.0216
  626.49231  582.35942  535.38134  486.41476  441.48492  397.38164
  352.89329  308.15423  263.56584  219.63987  176.99966  136.24805
   97.98846   63.18438   32.06293   19.76305   43.84432   65.32238
   83.26179   97.47104  107.92922  114.67746  117.84304  117.65417
  114.49381  108.69597  100.75048   91.16369   80.43179   69.1101
   57.70621   46.69848   36.50545   27.48387   19.98658   14.86696
   14.1486    16.16647   18.02376   18.98906   19.17062   18.77458
   17.91891   16.89955   15.68504   14.82172   14.42212   14.50681
   14.64149   14.6792    14.4191    14.11232   14.02945   14.38402
   15.01398   15.48813   16.66145   18.82437   23.26996   29.31222
   35.52035   43.2898    56.24882   79.35618  106.99514  137.63655
  171.48784  212.37292  302.74356  476.87515  705.18493  971.2922
 1214.41124 1409.31572"
" 817.55631  803.84042  783.40986  756.68598  724.18778  686.52162
  644.36956  598.47663  549.6369   498.71748  451.85901  405.91142
  359.57642  313.02371  266.65775  221.0175   176.76116  134.49906
   94.88335   58.84217   26.89567   26.20227   51.48175   73.65061
   92.04839  106.51597  117.05984  123.73429  126.6709   126.10913
  122.46377  116.06877  107.45539   97.13492   85.63488   73.53175
   61.35941   49.61542   38.73611   29.09174   21.03209   15.35329
   14.25639   16.35806   18.35981   19.42905   19.63348   19.23187
   18.28373   17.22658   15.91988   14.94013   14.47758   14.51177
   14.66839   14.73317   14.47133   14.18284   14.0745    14.46658
   15.14234   15.69607   16.98757   19.2756    23.92341   30.24812
   36.66329   44.58423   57.58276   81.04253  109.60631  141.26919
  176.39205  216.50056  300.19431  476.16341  709.06169  985.05631
 1245.37589 1454.46108"
" 841.62624  827.41805  806.21614  778.46169  744.69827  705.56094
  661.7639   614.08695  563.36079  510.46833  461.64567  413.82036
  365.60604  317.20887  269.03764  221.66075  175.76814  131.9843
   91.01246   53.76685   21.22868   33.60823   59.9225    82.75588
  101.58591  116.27873  126.87345  133.43588  136.09983  135.12373
  130.93652  123.90584  114.56661  103.45933   91.14295   78.20848
   65.22254   52.69899   41.09491   30.79446   22.14928   15.88906
   14.37578   16.56148   18.71301   19.89456   20.12831   19.71627
   18.72078   17.56998   16.17738   15.07242   14.53789   14.51852
   14.69922   14.79228   14.53283   14.26293   14.13152   14.5645
   15.28561   15.93506   17.33512   19.75771   24.59859   31.20752
   37.84777   45.90556   58.90708   82.68258  112.25691  145.00145
  181.30425  221.77834  299.09559  474.66831  711.48729  996.93247
 1278.44833 1499.46856"
" 865.19439  850.49395  828.51542  799.72029  764.67736  724.05116
  678.58888  629.10603  576.47093  521.59633  470.76762  421.03278
  370.90829  320.63743  270.63514  221.50216  173.95461  128.6411
   86.31597   47.91615   16.11076   41.94984   69.21541   92.68607
  111.92095  126.80303  137.40998  143.81635  146.16077  144.72337
  139.93734  132.2287   122.10235  110.15401   96.96889   83.15186
   69.30402   55.9555    43.58646   32.59448   23.33642   16.47567
   14.50822   16.77793   19.08474   20.3865    20.65827   20.22913
   19.19845   17.92858   16.45944   15.22059   14.60399   14.52763
   14.73427   14.85712   14.60595   14.35288   14.20168   14.67576
   15.4436    16.2035    17.70432   20.26784   25.29544   32.18895
   39.09156   47.25588   60.22692   84.27093  114.90243  148.90808
  186.19499  227.56042  299.45461  472.40748  712.44787 1006.95772
 1309.93128 1543.67353"
" 888.15928  872.96797  850.20899  820.36469  784.02974  741.89891
  694.75324  643.44489  588.88079  532.01206  479.14353  427.46909
  375.40575  323.23354  271.37653  220.47046  171.25171  124.4043
   80.73472   41.25766   20.46778   51.2528    79.41166  103.4905
  123.10175  138.13502  148.71004  154.91197  156.88851  154.93558
  149.50279  141.05401  130.08185  117.23682  103.1265    88.37358
   73.61179   59.39145   46.21522   34.49467   24.59529   17.11981
   14.65518   17.00844   19.47662   20.90603   21.22603   20.77272
   19.71021   18.30272   16.76733   15.38688   14.67674   14.53984
   14.77386   14.92826   14.69408   14.45311   14.28581   14.80014
   15.61616   16.49738   18.09553   20.80194   26.01359   33.19091
   40.38375   48.63988   61.56391   85.80127  117.51837  152.82959
  191.04291  233.35499  300.26148  469.38447  712.04415 1015.3179
 1339.02752 1589.24514"
" 910.41377  894.73434  871.19266  840.29243  802.65486  759.00574
  710.16081  657.00981  600.49929  541.62192  486.68789  433.0457
  379.01759  324.91775  271.1847   218.49004  167.5876   119.20625
   74.20965   33.78443   29.14265   61.55999   90.56478  115.22048
  135.17777  150.32322  160.81646  166.76167  168.31639  165.79845
  159.65535  150.40389  138.52707  124.72411  109.62977   93.88532
   78.15429   63.01391   48.98559   36.4975    25.92498   17.82616
   14.81819   17.25398   19.89051   21.45449   21.83348   21.35029
   20.25428   18.6985    17.10093   15.57396   14.75712   14.55616
   14.81825   15.00628   14.7991    14.56411   14.38526   14.9378
   15.80342   16.81378   18.50925   21.35705   26.75226   34.21186
   41.71751   50.06663   62.98296   87.27125  120.08976  156.67669
  195.90434  239.02562  303.41635  465.6163   711.56682 1022.46274
 1365.47728 1641.86774"
" 931.84487  915.68154  891.35657  859.39552  820.44681  775.26797
  724.71035  669.70219  611.23064  550.3315   493.31096  437.67493
  381.65984  325.60692  269.9791   215.4818   162.88762  112.97717
   66.68388   25.59522   39.23306   72.92307  102.7309   127.92978
  148.20005  163.41823  173.77173  179.40847  180.49038  177.34285
  170.42643  160.30098  147.46263  132.63363  116.49301   99.69842
   82.94098   66.83016   51.90213   38.60531   27.32536   18.59207
   14.99883   17.51554   20.3286    22.03347   22.48163   21.96623
   20.8301    19.14693   17.45884   15.78737   14.84617   14.57801
   14.86767   15.09173   14.91978   14.68655   14.50144   15.08892
   16.00642   17.15127   18.94601   21.93145   27.51024   35.25025
   43.08869   51.55178   64.5217    88.67777  122.60654  160.42441
  200.82965  244.7994   307.26652  461.1748   710.54377 1029.70285
 1388.96905 1690.40482"
" 952.33358  935.69214  910.58507  877.56032  837.29412  790.57655
  738.29541  681.41839  620.97425  558.04318  498.91861  441.26486
  383.24436  325.21419  267.67571  211.36363  157.0743   105.64574
   58.10713   18.00943   50.5826    85.39976  115.96913  141.67508
  162.22169  177.47236  187.6199   192.8901   193.43884  189.59439
  181.84291  170.77124  156.90862  140.98384  123.73128  105.82449
   87.98203   70.84691   54.96935   40.82092   28.79742   19.41215
   15.19872   17.79417   20.79343   22.64481   23.17104   22.62625
   21.43854   19.6627    17.83917   16.02759   14.94503   14.60757
   14.92235   15.18516   15.05328   14.82132   14.63577   15.2537
   16.22874   17.50954   19.40641   22.52412   28.286     36.30449
   44.49389   53.11373   66.16508   90.02174  125.05276  164.05657
  205.76208  251.41758  311.45538  456.03729  708.57668 1035.65336
 1409.53748 1734.07434"
" 971.75472  954.64264  928.75656  894.66733  853.07965  804.81692
  750.80422  692.04967  629.6246   564.65484  503.41227  443.7193
  383.67652  323.64897  264.18673  206.05042  150.06757   97.14009
   48.44666   24.28093   63.20006   99.0527   130.34168  156.51604
  177.29678  192.53974  202.41449  207.24705  207.19549  202.59328
  193.93445  181.84428  166.88507  149.79366  131.35934  112.27616
   93.28734   75.07017   58.19167   43.14722   30.34293   20.2814
   15.41951   18.0909    21.28792   23.29061   23.90249   23.33644
   22.08127   20.23085   18.24105   16.29523   15.055     14.64796
   14.98261   15.2871    15.19843   14.96945   14.78947   15.43236
   16.47704   17.88754   19.89093   23.13435   29.07787   37.37298
   45.93032   54.75331   67.90311   91.30744  127.41946  167.56098
  210.67293  258.33653  315.96087  450.25765  705.56578 1039.35448
 1427.22741 1779.21629"
" 989.97678  972.40328  945.74331  910.59109  867.68044  817.86885
  762.11955  701.482    637.07112  570.05956  506.68883  444.93767
  382.85652  320.81674  259.42032  199.45394  141.78474   87.38957
   37.72214   36.38187   77.13216  113.94854  145.91365  172.51443
  193.47993  208.66934  218.20339  222.53272  221.80819  216.37222
  206.73544  193.54389  177.41464  159.08371  139.39189  119.06642
   98.86622   79.5061    61.57385   45.58662   31.9618    21.19555
   15.66273   18.40706   21.81529   23.97331   24.67725   24.10155
   22.76105   20.83896   18.66722   16.59191   15.17759   14.70229
   15.04875   15.39807   15.35545   15.1322    14.96337   15.62521
   16.75338   18.28504   20.39986   23.76163   29.8842    38.4542
   47.39564   56.45129   69.69939   92.54565  129.69796  170.93444
  215.56304  265.32906  320.94865  444.00116  701.46497 1040.83889
 1441.99851 1825.23738"
"1006.86172  988.83791  961.41131  925.2      880.96757  829.60633
  772.11855  709.59596  643.19806  574.14556  508.64058  444.81492
  380.68104  316.6187   253.28043  191.48289  132.14116   76.32884
   26.20967   50.28939   92.44164  130.1575   162.75233  189.73288
  210.82761  225.90841  235.03863  238.8005   237.32304  230.97343
  220.27705  205.89697  188.52021  168.87483  147.84521  126.20766
  104.72792   84.16148   65.12093   48.14122   33.65384   22.15342
   15.92964   18.74423   22.37903   24.69567   25.49703   24.92391
   23.48193   21.48478   19.12906   16.9189    15.31469   14.77071
   15.12105   15.51862   15.52504   15.31127   15.15794   15.83271
   17.05458   18.7027    20.93315   24.40558   30.70345   39.54673
   48.88758   58.19109   71.5322    93.76891  131.87488  174.28641
  220.4719   272.31293  327.39427  438.0608   696.26161 1040.15978
 1453.94064 1868.33919"
"1022.26486 1003.80384  975.62013  938.35619  892.80597  839.89741
  780.67265  716.26661  647.88439  576.79598  509.15511  443.24144
  377.04299  310.95141  245.66714  182.04313  121.05157   63.90739
   20.61849   65.82594  109.20063  147.75312  180.92697  208.23533
  229.39899  244.31018  252.9859   256.07815  253.78255  246.43443
  234.58564  218.93349  200.22562  179.18566  156.73699  133.71185
  110.88197   89.04382   68.83766   50.81312   35.41956   23.15257
   16.22085   19.10435   22.98273   25.46089   26.36382   25.8036
   24.24977   22.16585   19.64424   17.27618   15.46855   14.85091
   15.19999   15.64936   15.70814   15.50694   15.37361   16.05558
   17.37756   19.1399    21.49042   25.06596   31.53426   40.64935
   50.40341   59.96286   73.39368   95.28425  133.94195  177.79338
  225.51179  279.22429  334.94079  436.76187  689.95276 1037.35068
 1463.26538 1907.5471 "
"1036.03467 1017.15163  988.22275  949.91532  903.05434  848.60407
  787.6474   721.36338  651.00369  577.88886  508.11519  440.10299
  371.83113  303.70692  236.47699  171.03796  108.43211   50.11764
   34.37611   83.00966  127.48799  166.81255  200.50917  228.08798
  249.25614  263.9333   272.09712  274.4136   271.21625  262.78535
  249.69447  232.68511  212.55589  190.03505  166.08467  141.59068
  117.33845   94.1606    72.72792   53.60432   37.26015   24.19153
   16.53606   19.48965   23.63002   26.27267   27.27986   26.74021
   25.07296   22.88452   20.21721   17.66273   15.64186   14.94123
   15.28633   15.7909    15.90584   15.72019   15.61053   16.29475
   17.72058   19.59647   22.07108   25.74279   32.37561   41.76117
   51.94      61.75996   75.28038   96.91203  135.88864  181.30871
  230.90648  286.05157  342.32912  435.69468  682.51369 1032.90415
 1470.39151 1942.7523 "
"1048.0126  1028.72495  999.06537  959.7265   911.56494  855.58207
  792.90237  724.74992  652.424    577.29698  505.3984   435.28064
  364.92982  294.77314  225.60323  158.3684    94.20473   35.11074
   51.47967  101.90131  147.38824  187.41664  221.57362  249.36006
  270.46444  284.84085  292.44897  293.88322  289.66961  280.06418
  265.64028  247.18549  225.53391  201.44388  175.90543  149.85613
  124.10796   99.51853   76.79509   56.51676   39.17588   25.26897
   16.87394   19.9026    24.32456   27.13538   28.24782   27.7341
   25.96207   23.64147   20.84182   18.07819   15.83839   15.04103
   15.38031   15.94396   16.11932   15.95187   15.8683    16.55133
   18.08181   20.07252   22.67445   26.4375    33.22707   42.88159
   53.49426   63.57552   77.19364   98.48887  137.7144   184.76069
  236.27889  292.74026  349.56745  438.73135  673.97807 1028.50089
 1476.48816 1973.5122 "
"1058.03294 1038.36044 1007.98734  967.63207  918.1835   860.68083
  796.29097  726.28399  652.00775  574.8878   500.87688  428.65065
  356.21901  284.03408  212.93606  143.93482   78.30773   21.40227
   70.68801  122.57875  168.99114  209.64959  244.19879  272.1244
  293.0933   307.09701  314.07667  314.52136  309.20261  298.31641
  282.46125  262.465    239.18341  213.43497  186.21651  158.52118
  131.20074  105.12378   81.04266   59.55251   41.16573   26.38242
   17.23229   20.34595   25.07007   28.0541    29.27082   28.78584
   26.92619   24.43978   21.51207   18.52508   16.06619   15.15013
   15.48233   16.1093    16.34994   16.2032    16.14666   16.82633
   18.45932   20.56831   23.29991   27.16432   34.08915   44.01068
   55.06354   65.41335   79.1349   100.00882  139.41411  188.11177
  241.47096  299.26942  357.10037  443.20595  664.49639 1023.03561
 1482.36406 1999.91352"
"1065.92268 1045.88753 1014.82091  973.4675   922.74903  863.74327
  797.66038  725.81736  649.61164  570.52334  494.41722  420.08442
  345.57414  271.36995  198.36311  127.63963   60.72219   34.72339
   91.93364  145.1296   192.39137  233.59865  268.46667  296.45784
  317.21587  330.76365  337.0192   336.38176  329.86543  317.59004
  300.19695  278.54933  253.53076  226.0308   197.03482  167.60029
  138.62573  110.98281   85.47451   62.71355   43.22881   27.52924
   17.6081    20.8229    25.87046   29.03474   30.35246   29.89707
   27.96618   25.28329   22.22306   19.00977   16.32815   15.26863
   15.59306   16.28778   16.5992    16.47561   16.44573   17.12029
   18.85229   21.08333   23.94699   27.9374    34.96352   45.15023
   56.64576   67.30286   81.11148  101.51895  140.98368  191.33922
  246.44901  305.63839  366.34437  448.27708  654.08522 1016.14987
 1484.98545 2022.01443"
"1071.50127 1051.12827 1019.39114  977.06122  925.09371  864.60569
  796.85142  723.19569  645.08655  564.06012  485.88066  409.44833
  332.86622  256.65741  181.7699   109.39271   41.59873   55.85194
  115.26243  169.64855  217.68816  259.3544   294.46156  322.43997
  342.90593  355.90254  361.33459  359.54056  351.69098  337.92185
  318.88323  295.4671   268.60461  239.25228  208.37733  177.10889
  146.39107  117.10253   90.09474   66.00129   45.36446   28.70707
   17.99785   21.33703   26.72994   30.08377   31.49682   31.0703
   29.07804   26.1785    22.97152   19.53935   16.6241    15.39688
   15.7131    16.48036   16.86877   16.77079   16.76608   17.43321
   19.25953   21.61709   24.61546   28.74922   35.85317   46.30608
   58.23688   69.32532   83.14313  103.25126  142.41574  194.42389
  251.1914   311.84594  376.08015  453.89109  642.76418 1007.73614
 1484.37023 2039.6954 "
"1074.58052 1053.89722 1021.51571  978.23447  925.04277  863.09767
  793.69837  718.25839  638.2774   555.34909  475.12328  396.60367
  317.96191  239.76994  163.04178   89.12489   23.49482   79.64478
  140.75456  196.2361   244.9842   287.01126  322.26972  350.15114
  370.23649  382.57798  387.08339  384.05237  374.7275   359.35017
  338.55631  313.25103  284.43667  253.11899  220.26145  187.06136
  154.50498  123.49004   94.90705   69.41627   47.57215   29.91358
   18.39788   21.8922    27.653     31.20769   32.70864   32.30887
   30.25876   27.13692   23.75809   20.11637   16.95505   15.53552
   15.84304   16.6881    17.16153   17.09069   17.10853   17.76467
   19.68002   22.16918   25.30526   29.59496   36.76225   47.49624
   59.83325   71.43222   85.27391  105.22657  143.71372  197.34417
  255.67914  317.949    385.88143  460.31842  630.72304  997.76148
 1480.58824 2053.26597"
"1074.96445 1054.00123 1021.0048   976.80118  922.41428  859.04188
  788.02893  710.83858  629.02315  544.23553  461.996    381.40671
  300.72374  220.57866  142.06821   66.83011   39.57849  105.91565
  168.50693  224.99792  274.38408  316.66756  351.97991  379.673
  399.28106  410.8572   414.32948  409.99171  399.03533  381.92125
  359.25335  331.93727  301.05943  267.65091  232.70568  197.47036
  162.97622  130.15224   99.91431   72.95857   49.8503    31.14619
   18.80412   22.49276   28.64455   32.4127    33.99355   33.61589
   31.50766   28.17714   24.58378   20.73876   17.3236    15.6855
   15.98351   16.91214   17.47756   17.43792   17.47409   18.11406
   20.11332   22.7391    26.01661   30.47224   37.69597   48.7309
   61.43162   73.59434   87.55973  107.33455  144.88379  200.08806
  259.9243   324.19777  395.61824  469.28619  618.85085  986.16666
 1473.751   2062.85625"
"1072.44907 1051.23935 1017.66093  972.56783  917.01913  852.25405
  779.66407  700.76294  617.15664  530.5591   446.34458  363.70884
  281.01058  198.95341  118.75188   42.78774   65.93425  134.69652
  198.62698  256.04443  305.99369  348.42518  383.6841   411.08902
  430.11503  440.81042  443.14162  437.40936  424.66498  405.69028
  381.01624  351.56352  318.49982  282.8696   245.73016  208.34798
  171.81427  137.09515  105.11878   76.62809   52.19668   32.40225
   19.21216   23.14375   29.70992   33.7049    35.35836   34.99493
   32.82587   29.31365   25.44854   21.40324   17.73316   15.84788
   16.13515   17.15379   17.81841   17.81676   17.86393   18.48083
   20.55837   23.32627   26.74988   31.37978   38.66044   49.97208
   63.02851   75.79627   89.93962  109.55257  145.94546  202.64479
  264.2988   330.62906  405.17545  479.33403  614.27488  973.07478
 1463.89612 2069.13119"
