"12.40181 12.39479 12.39441 12.39411 12.39534 12.38993 12.39819 12.41038
 12.42606 12.43984"
"12.41779 12.40637 12.40214 12.39852 12.39708 12.38959 12.39655 12.40785
 12.42269 12.43568"
"12.43807 12.4219  12.4135  12.40624 12.40179 12.3919  12.39723 12.40716
 12.42051 12.43218"
"12.46329 12.44205 12.42918 12.41798 12.41015 12.39754 12.40078 12.40862
 12.41977 12.42952"
"12.49415 12.46754 12.44992 12.43447 12.42296 12.40725 12.40768 12.41256
 12.42074 12.42799"
"12.53138 12.49909 12.47645 12.45646 12.44096 12.42157 12.41827 12.41926
 12.42375 12.42797"
"12.57567 12.53738 12.5094  12.48457 12.46465 12.44078 12.43277 12.42909
 12.42928 12.42999"
"12.62765 12.583   12.5493  12.51922 12.49423 12.46498 12.45149 12.44255
 12.43795 12.43478"
"12.68793 12.63646 12.59658 12.56069 12.52981 12.49442 12.47489 12.46027
 12.45051 12.44317"
"12.75706 12.69827 12.65166 12.60922 12.57168 12.52956 12.50361 12.48295
 12.46779 12.456  "
