"1.000000e+00 1.176770e+00 1.664220e+00 2.229200e+00 2.817320e+00
 3.410570e+00 4.001840e+00 4.590790e+00 5.165470e+00 5.739810e+00
 6.307370e+00 6.874310e+00 7.425610e+00 7.972130e+00 8.506190e+00
 9.052860e+00 9.571170e+00 1.008512e+01 1.041826e+01 1.114788e+01
 1.164907e+01 1.214153e+01 1.260706e+01 1.310048e+01 1.363183e+01
 1.407372e+01 1.454225e+01 1.503041e+01 1.551761e+01 1.607867e+01
 1.646148e+01 1.698389e+01 1.752052e+01 1.784882e+01 1.834379e+01
 1.904481e+01 2.027789e+01 1.100000e+03 1.100000e+03 1.100000e+03"
"   1.39335    1.44553    1.77583    2.46212 1100.      1100.
    5.26875    5.54872   23.7632    11.06471    6.45344    7.02232
    7.55748    8.11937    8.62821    9.16035    9.66956   10.17701
   10.47014   11.21031   11.70357   12.1878    12.64998   13.13804
   13.66189   14.0921    14.54709   15.03394   15.50698   16.03212
   16.40854   16.90798   17.41492   17.69913   18.07228   18.30441
   48.54805 1100.      1100.      1100.     "
"   3.54479    4.5557  1100.      1100.      1100.      1100.
    9.47776 1100.      1100.       726.34729   11.79234    7.13427
    7.65432    8.38265    8.76589    9.28152    9.78375   10.30194
   10.50008   11.25862   11.75513   12.22699   12.68875   13.17119
   13.68924   14.10829   14.54765   15.03684   15.49441   15.98046
   16.35511   16.82705   17.30214   17.53796   17.82985   17.39089
  151.47205 1100.      1100.      1100.     "
"  11.48491 1100.      1100.      1100.      1100.      1100.
 1100.      1100.      1100.      1100.       753.94893    7.55307
    7.68429    8.92409    8.91304    9.42774    9.91752   10.50575
   10.52468   11.29639   11.80191   12.26196   12.72369   13.19955
   13.71615   14.12327   14.543     15.03748   15.47924   15.92452
   16.29926   16.742     17.18226   17.36339   17.66598   16.86601
  483.87459 1100.      1100.      1100.     "
"  28.3433  1100.      1100.      1100.      1100.      1100.
 1100.      1100.      1100.      1100.      1100.       102.53102
    7.64263    9.96241    9.13841    9.5911    10.09118   10.85342
   10.56989   11.32531   11.84043   12.29748   12.75597   13.22461
   13.74739   14.13861   14.53317   15.03431   15.46056   15.86656
   16.24013   16.65418   17.05553   17.1764    17.62535   18.31928
 1100.      1100.      1100.      1100.     "
"  58.02073 1100.      1100.      1100.      1100.      1100.
 1100.      1100.      1100.      1100.      1100.      1100.
    8.47767   11.56205    9.45057    9.78957   10.32852   11.48312
   10.77335   11.35854   11.87687   12.33337   12.79196   13.25242
   13.78423   14.15642   14.51804   15.0248    15.43748   15.80964
   16.17738   16.56265   16.92243   16.98588   17.75602   24.82754
 1100.      1100.      1100.      1100.     "
" 104.23442 1100.      1100.      1100.      1100.      1100.
 1100.      1100.      1100.      1100.      1100.      1100.
  105.84632   13.71892    9.8154    10.00963   10.60889   12.69458
   11.58138   11.40581   11.89907   12.36958   12.83432   13.28149
   13.82125   14.18241   14.49912   15.00652   15.40974   15.75422
   16.11062   16.46451   16.78575   16.80065   18.09529   39.79128
 1100.      1100.      1100.      1100.     "
" 169.90974 1100.      1100.      1100.      1100.      1100.
 1100.      1100.      1100.      1100.      1100.      1100.
 1100.        16.45013   10.52937   10.31106   10.95091   15.20418
   14.2962    11.39969   11.89902   12.41606   12.8779    13.3086
   13.85591   14.21962   14.48013   14.97669   15.37681   15.70157
   16.03954   16.35882   16.65897   16.61422   18.67532   69.5086
 1100.      1100.      1100.      1100.     "
" 256.51304 1100.      1100.      1100.      1100.      1100.
 1100.      1100.      1100.      1100.      1100.      1100.
 1100.        22.21919   12.38563   10.72395   11.38527   20.90185
   21.79586   11.41639   11.88556   12.46333   12.91645   13.32834
   13.88445   14.26307   14.46762   14.9326    15.33766   15.64705
   15.9646    16.24525   16.55029   16.41575   19.53042  127.48725
 1100.      1100.      1100.      1100.     "
" 363.34137 1100.      1100.      1100.      1100.      1100.
 1100.      1100.      1100.      1100.      1100.      1100.
 1100.        89.95263   16.63489   11.34684   11.94243   34.3519
   40.63704   14.09957   11.95741   12.52635   12.94519   13.33664
   13.90254   14.312     14.47104   14.87208   15.2921    15.58586
   15.88686   16.12447   16.46027   16.2035    20.6243   241.02782
 1100.      1100.      1100.      1100.     "
" 486.8045  1100.      1100.      1100.      1100.      1100.
 1100.      1100.      1100.      1100.      1100.      1100.
 1100.       934.9911    97.37945   12.29128   12.88856   67.02302
   87.65929   26.83861   12.00567   12.65364   12.95806   13.34332
   13.91602   14.36615   14.5082    14.79367   15.24091   15.51614
   15.80824   15.9974    16.41081   15.97049   21.9233   464.40455
 1100.      1100.      1100.      1100.     "
" 619.74728 1100.      1100.      1100.      1100.      1100.
 1100.      1100.      1100.      1100.      1100.      1100.
 1100.      1100.       589.07608   13.49147   14.13855  151.26778
  207.83956   66.40444   12.14748   12.78085   12.97897   13.37045
   13.92282   14.42434   14.59428   14.69923   15.18599   15.43706
   15.73235   15.86282   16.42653   15.70349   23.42237  901.86739
 1100.      1100.      1100.      1100.     "
" 750.8911  1100.      1100.      1100.      1100.      1100.
 1100.      1100.      1100.      1100.      1100.      1100.
 1100.      1100.      1100.        16.45934   24.25921  384.07012
  525.03254  178.50865   20.08886   12.96156   13.01012   13.43829
   13.93137   14.48215   14.73941   14.59769   15.12876   15.35012
   15.66337   15.71933   16.53361   15.39309   25.19786 1100.
 1100.      1100.      1100.      1100.     "
" 864.6322  1100.      1100.      1100.      1100.      1100.
 1100.      1100.      1100.      1100.      1100.      1100.
 1100.      1100.      1100.        24.71157   89.58726 1100.
 1100.       489.06975   56.5084    13.3516    13.0517    13.50914
   13.95857   14.52993   14.9664    14.51678   15.06834   15.25745
   15.59927   15.56779   16.78006   15.06419   27.46913 1100.
 1100.      1100.      1100.      1100.     "
" 942.49589 1100.      1100.      1100.      1100.      1100.
 1100.      1100.      1100.      1100.      1100.      1100.
 1100.      1100.      1100.       313.20352  416.8009  1100.
 1100.      1100.       172.09049   13.96422   13.19341   13.5459
   13.99008   14.56339   15.28555   14.49494   14.9981    15.15675
   15.54105   15.40926   17.21851   14.82274   30.62463 1100.
 1100.      1100.      1100.      1100.     "
" 967.09934 1100.      1100.      1100.      1100.      1100.
 1100.      1100.      1100.      1100.      1100.      1100.
 1100.      1100.      1100.      1100.      1100.      1100.
 1100.      1100.       506.13089   28.02726   13.35894   13.58272
   14.02234   14.57585   15.7047    14.58018   14.91364   15.04447
   15.4919    15.24336   17.87135   14.78003   35.41608 1100.
 1100.      1100.      1100.      1100.     "
" 915.71619 1100.      1100.      1100.      1100.      1100.
 1100.      1100.      1100.      1100.      1100.      1100.
 1100.      1100.      1100.      1100.      1100.      1100.
 1100.      1100.      1100.        94.1995    13.64709   13.67739
   14.09649   14.56736   16.23443   14.86699   14.80252   14.92332
   15.4565    15.06802   18.81666   15.02863   43.28361 1100.
 1100.      1100.      1100.      1100.     "
" 762.72334 1100.      1100.      1100.      1100.      1100.
 1100.      1100.      1100.      1100.      1100.      1100.
 1100.      1100.      1100.      1100.      1100.      1100.
 1100.      1100.      1100.       309.97449   13.98261   13.80152
   14.24887   14.57491   16.90504   15.46637   14.65988   14.79957
   15.44121   14.88337   20.15727   15.54182   57.11183 1100.
 1100.      1100.       309.54786 1100.     "
" 672.10959 1100.      1100.      1100.      1100.      1100.
 1100.      1100.      1100.      1100.      1100.      1100.
 1100.      1100.      1100.      1100.      1100.      1100.
 1100.      1100.      1100.       934.74712   21.62279   13.95076
   14.43131   14.63067   17.741     16.5188    14.51303   14.67571
   15.45175   14.69137   21.94056   15.59101   82.2392  1100.
   95.30216 1100.      1100.      1100.     "
"1100.      1100.      1100.      1100.      1100.      1100.
 1100.      1100.      1100.      1100.      1100.      1100.
 1100.      1100.      1100.      1100.      1100.      1100.
 1100.      1100.      1100.      1100.        71.94007   13.98506
   14.61299   14.71402   18.76809   18.21607   14.48663   14.55754
   15.49479   14.49709   24.25417   15.06067  129.13118 1100.
 1100.      1100.      1100.      1100.     "
"1100.      1100.      1100.      1100.      1100.      1100.
 1100.      1100.      1100.      1100.      1100.      1100.
 1100.      1100.      1100.      1100.      1100.      1100.
 1100.      1100.      1100.      1100.       239.37629   14.23086
   14.83692   14.78325   20.04145   20.82445   14.87453   14.4396
   15.58522   14.31203   27.25608   23.0285   218.79257 1100.
 1100.      1100.      1100.      1100.     "
"1100.      1100.      1100.      1100.      1100.      1100.
 1100.      1100.      1100.      1100.      1100.      1100.
 1100.      1100.      1100.      1100.      1100.      1100.
 1100.      1100.      1100.      1100.       706.98616   14.60618
   15.06777   14.83484   21.67057   24.70437   16.11667   14.27814
   15.74137   14.12319   31.20358   50.42338  393.51675 1100.
 1100.      1100.      1100.      1100.     "
"1100.      1100.      1100.      1100.      1100.      1100.
 1100.      1100.      1100.      1100.      1100.      1100.
 1100.      1100.      1100.      1100.      1100.      1100.
 1100.      1100.      1100.      1100.      1100.        18.82098
   15.27281   14.86049   23.82091   30.3781    18.82134   14.02947
   15.97413   13.93418   36.42036  102.1558   741.12526 1100.
 1100.      1100.      1100.      1100.     "
"1100.      1100.      1100.      1100.      1100.      1100.
 1100.      1100.      1100.      1100.      1100.      1100.
 1100.      1100.      1100.      1100.      1100.      1100.
 1100.      1100.      1100.      1100.      1100.        52.35873
   15.55226   14.87163   26.69538   38.61751   23.80354   13.77913
   16.29563   13.75362   43.42532  194.11309 1100.      1100.
 1100.      1100.      1100.      1100.     "
"1100.      1100.      1100.      1100.      1100.      1100.
 1100.      1100.      1100.      1100.      1100.      1100.
 1100.      1100.      1100.      1100.      1100.      1100.
 1100.      1100.      1100.      1100.      1100.       153.64664
   15.76652   14.81848   30.63246   50.59048   32.15176   14.30439
   16.72783   13.59511   53.04543  350.15244 1100.      1100.
 1100.      1100.      1100.      1100.     "
"1100.      1100.      1100.      1100.      1100.      1100.
 1100.      1100.      1100.      1100.      1100.      1100.
 1100.      1100.      1100.      1100.      1100.      1100.
 1100.      1100.      1100.      1100.      1100.       399.39655
   15.87038   14.64928   36.14549   68.05505   45.54829   16.94838
   17.28335   13.47066   66.61019  604.36272 1100.      1100.
 1100.      1100.      1100.      1100.     "
"1100.      1100.      1100.      1100.      1100.      1100.
 1100.      1100.      1100.      1100.      1100.      1100.
 1100.      1100.      1100.      1100.      1100.      1100.
 1100.      1100.      1100.      1100.      1100.       931.2918
   16.16268   14.31599   44.07198   93.74513   66.58739   23.12081
   17.92737   13.37176   86.32336 1100.      1100.      1100.
 1100.      1100.      1100.      1100.     "
"1100.      1100.      1100.      1100.      1100.      1100.
 1100.      1100.      1100.      1100.      1100.      1100.
 1100.      1100.      1100.      1100.      1100.      1100.
 1100.      1100.      1100.      1100.      1100.      1100.
   16.96035   13.86313   55.78554  131.93695   99.31842   34.84262
   18.67915   13.42721  115.87902 1100.      1100.      1100.
 1100.      1100.      1100.      1100.     "
"1100.      1100.      1100.      1100.      1100.      1100.
 1100.      1100.      1100.      1100.      1100.      1100.
 1100.      1100.      1100.      1100.      1100.      1100.
 1100.      1100.      1100.      1100.      1100.      1100.
   17.34173   13.51522   73.54376  189.39075  150.10349   55.40632
   20.30305   13.64693  161.54891 1100.      1100.      1100.
 1100.      1100.      1100.      1100.     "
"1100.      1100.      1100.      1100.      1100.      1100.
 1100.      1100.      1100.      1100.      1100.      1100.
 1100.      1100.      1100.      1100.      1100.      1100.
 1100.      1100.      1100.      1100.      1100.      1100.
   20.84834   13.81688  101.1397   276.96163  228.91572   90.07842
   24.98834   14.02718  233.84233 1100.      1100.      1100.
 1100.      1100.      1100.      1100.     "
"1100.      1100.      1100.      1100.      1100.      1100.
 1100.      1100.      1100.      1100.      1100.      1100.
 1100.      1100.      1100.      1100.      1100.      1100.
 1100.      1100.      1100.      1100.      1100.      1100.
   36.68305   15.82237  145.0593   412.12434  351.48231  147.33043
   35.71901   14.33525  351.04381 1100.      1100.      1100.
 1100.      1100.      1100.      1100.     "
"1100.      1100.      1100.      1100.      1100.      1100.
 1100.      1100.      1100.      1100.      1100.      1100.
 1100.      1100.      1100.      1100.      1100.      1100.
 1100.      1100.      1100.      1100.      1100.      1100.
   68.21121   20.12716  216.63936  623.22693  542.62201  240.6419
   56.69722   14.04482  545.37597 1100.      1100.      1100.
 1100.      1100.      1100.      1100.     "
"1100.      1100.      1100.      1100.      1100.      1100.
 1100.      1100.      1100.      1100.      1100.      1100.
 1100.      1100.      1100.      1100.      1100.      1100.
 1100.      1100.      1100.      1100.      1100.      1100.
  117.36328   26.78089  336.04041  956.75094  841.52008  391.30788
   94.58261   13.69011  874.93208 1100.      1100.      1100.
 1100.      1100.      1100.      1100.     "
"1100.      1100.      1100.      1100.      1100.      1100.
 1100.      1100.      1100.      1100.      1100.      1100.
 1100.      1100.      1100.      1100.      1100.      1100.
 1100.      1100.      1100.      1100.      1100.      1100.
  182.32127   35.62435  539.6526  1100.      1100.       632.95752
  160.22623   20.14147 1100.      1100.      1100.      1100.
 1100.      1100.      1100.      1100.     "
"1100.      1100.      1100.      1100.      1100.      1100.
 1100.      1100.      1100.      1100.      1100.      1100.
 1100.      1100.      1100.      1100.      1100.      1100.
 1100.      1100.      1100.      1100.      1100.      1100.
  255.28883   47.20901  894.37914 1100.      1100.      1100.
  271.12055   40.11341 1100.      1100.      1100.      1100.
 1100.      1100.      1100.      1100.     "
"1100.      1100.      1100.      1100.      1100.      1100.
 1100.      1100.      1100.      1100.      1100.      1100.
 1100.      1100.      1100.      1100.      1100.      1100.
 1100.      1100.      1100.      1100.      1100.      1100.
  321.46569   61.77615 1100.      1100.      1100.      1100.
  455.09982   75.88726 1100.      1100.      1100.        87.58439
 1100.      1100.      1100.      1100.     "
"1100.      1100.      1100.      1100.      1100.      1100.
 1100.      1100.      1100.      1100.      1100.      1100.
 1100.      1100.      1100.      1100.      1100.      1100.
 1100.      1100.      1100.      1100.      1100.      1100.
  361.65895   80.61029 1100.      1100.      1100.      1100.
  756.04772  135.98209 1100.      1100.      1100.      1100.
 1100.      1100.      1100.      1100.     "
"1100.      1100.      1100.      1100.      1100.      1100.
 1100.      1100.      1100.      1100.      1100.      1100.
 1100.      1100.      1100.      1100.      1100.      1100.
 1100.      1100.      1100.      1100.      1100.      1100.
  358.30251  118.65003 1100.      1100.      1100.      1100.
 1100.       234.11593 1100.      1100.      1100.      1100.
 1100.      1100.      1100.      1100.     "
"1100.      1100.      1100.      1100.      1100.      1100.
 1100.      1100.      1100.      1100.      1100.      1100.
 1100.      1100.      1100.      1100.      1100.      1100.
 1100.      1100.      1100.      1100.      1100.      1100.
  307.25161  230.29177 1100.      1100.      1100.      1100.
 1100.       391.28889 1100.      1100.      1100.      1100.
 1100.      1100.      1100.      1100.     "
"1100.      1100.      1100.      1100.      1100.      1100.
 1100.      1100.      1100.      1100.      1100.      1100.
 1100.      1100.      1100.      1100.      1100.      1100.
 1100.      1100.      1100.      1100.      1100.      1100.
  270.88759  559.93049 1100.      1100.      1100.      1100.
 1100.       639.66897 1100.      1100.      1100.      1100.
 1100.      1100.      1100.      1100.     "
