"1.00000000e+00 2.51519000e+00 4.87867000e+00 7.10588000e+00
 9.38745000e+00 1.17149900e+01 1.40536600e+01 1.63405000e+01
 1.87881700e+01 2.09716600e+01 2.31875700e+01 2.55398900e+01
 2.78741500e+01 3.01794700e+01 3.26798200e+01 3.48176800e+01
 3.69928500e+01 3.94221800e+01 4.17066400e+01 4.41465400e+01
 4.67667500e+01 4.87673700e+01 5.10025500e+01 5.33726100e+01
 5.57606600e+01 5.84806300e+01 6.07271700e+01 6.32056000e+01
 6.57108500e+01 6.79822500e+01 7.05766600e+01 7.39597700e+01
 7.55718200e+01 7.83764000e+01 8.06245400e+01 8.31571400e+01
 8.59582100e+01 8.85677100e+01 9.11908400e+01 9.34384800e+01
 9.62370000e+01 9.86788300e+01 1.02259970e+02 1.05088200e+02
 1.07931960e+02 1.10583850e+02 1.12825790e+02 1.16942260e+02
 1.20104710e+02 1.22677590e+02 1.24725740e+02 1.27727340e+02
 1.32331780e+02 7.09378130e+02 3.09950726e+05 1.34634154e+07
 2.69132996e+08 3.48042234e+09 3.36675457e+10 2.63449852e+11
 1.74966666e+12 1.01833135e+13 5.31300028e+13 2.52682983e+14"
"3.86738000e+01 3.71496400e+01 3.29771000e+01 2.73130000e+01
 2.28879200e+01 1.95703300e+01 1.67734400e+01 1.59034300e+01
 1.74752300e+01 1.99233200e+01 2.26422300e+01 2.49442800e+01
 2.71312200e+01 2.94970000e+01 3.20138300e+01 3.42720500e+01
 3.67776000e+01 3.91314300e+01 4.12094100e+01 4.37060300e+01
 4.62895000e+01 4.84252600e+01 5.09760200e+01 5.32127700e+01
 5.53279700e+01 5.80976900e+01 6.03372100e+01 6.30041200e+01
 6.55419300e+01 6.75648500e+01 7.02071700e+01 7.34567400e+01
 7.53796600e+01 7.80371700e+01 8.00951400e+01 8.28285000e+01
 8.52947000e+01 8.83137000e+01 9.09254000e+01 9.30672100e+01
 9.60208200e+01 9.82299400e+01 1.01565600e+02 1.04840740e+02
 1.06955010e+02 1.10610180e+02 1.12468570e+02 1.16225700e+02
 1.19277080e+02 1.22707810e+02 1.25172100e+02 1.28407810e+02
 1.29560770e+02 2.35651150e+03 5.40593497e+05 2.01681710e+07
 3.72895772e+08 4.58668745e+09 4.28043066e+10 3.25865923e+11
 2.11713626e+12 1.21005408e+13 6.21730133e+13 2.91823305e+14"
"1.45044980e+02 1.40845480e+02 1.28852520e+02 1.10749640e+02
 8.90693200e+01 6.87967700e+01 5.40881500e+01 4.14102600e+01
 3.03472100e+01 2.27454100e+01 2.13858100e+01 2.36502500e+01
 2.63241500e+01 2.88268600e+01 3.10816300e+01 3.35338000e+01
 3.62535800e+01 3.83358800e+01 4.05058200e+01 4.31289300e+01
 4.55779700e+01 4.80056300e+01 5.05865800e+01 5.26600400e+01
 5.48275900e+01 5.75199300e+01 5.98601000e+01 6.26295700e+01
 6.49702700e+01 6.69851100e+01 6.97088400e+01 7.28223400e+01
 7.50396700e+01 7.75980100e+01 7.97762500e+01 8.26398400e+01
 8.46932200e+01 8.77887200e+01 9.06107900e+01 9.27102000e+01
 9.55725800e+01 9.79999700e+01 1.01022400e+02 1.04506980e+02
 1.06366780e+02 1.10165400e+02 1.12101520e+02 1.15479360e+02
 1.18624620e+02 1.22577930e+02 1.25293930e+02 1.28147840e+02
 1.28860710e+02 6.28822823e+03 9.13796583e+05 2.97881516e+07
 5.12249153e+08 6.00855293e+09 5.41761807e+10 4.01636369e+11
 2.55431605e+12 1.43435160e+13 7.26030487e+13 3.36411413e+14"
"3.90098960e+02 3.80853390e+02 3.54106570e+02 3.12952040e+02
 2.62044560e+02 2.06915170e+02 1.57203910e+02 1.20037680e+02
 8.90128600e+01 6.26692800e+01 4.15055300e+01 2.77617500e+01
 2.52807000e+01 2.76551500e+01 3.00585100e+01 3.25726500e+01
 3.52953500e+01 3.76420000e+01 4.02044400e+01 4.26883100e+01
 4.48594200e+01 4.74181100e+01 5.00059400e+01 5.21358000e+01
 5.46082800e+01 5.69223800e+01 5.92976000e+01 6.21662600e+01
 6.44704700e+01 6.67927300e+01 6.92385500e+01 7.21499400e+01
 7.46029400e+01 7.71695100e+01 7.95754800e+01 8.23741400e+01
 8.41856400e+01 8.73200100e+01 9.01919300e+01 9.22363000e+01
 9.48509400e+01 9.78151800e+01 1.00265350e+02 1.03926910e+02
 1.06379190e+02 1.09569190e+02 1.12042920e+02 1.14834010e+02
 1.17708840e+02 1.21637530e+02 1.24937400e+02 1.26977120e+02
 1.29376520e+02 1.46629981e+04 1.50350097e+06 4.34293920e+07
 6.98003634e+08 7.82632290e+09 6.82721876e+10 4.93317541e+11
 3.07303184e+12 1.69616370e+13 8.46086266e+13 3.87117991e+14"
"8.93063640e+02 8.74740250e+02 8.21306120e+02 7.38273710e+02
 6.33908810e+02 5.18148740e+02 4.01275950e+02 3.03135130e+02
 2.28243150e+02 1.66142100e+02 1.14536750e+02 7.37584100e+01
 4.45472700e+01 2.94621200e+01 2.90559000e+01 3.18842300e+01
 3.42390200e+01 3.67387900e+01 3.97016400e+01 4.19039600e+01
 4.41738200e+01 4.66643600e+01 4.93078400e+01 5.17790700e+01
 5.43973200e+01 5.63914200e+01 5.86814300e+01 6.15330300e+01
 6.39665000e+01 6.66425600e+01 6.90247900e+01 7.14635600e+01
 7.40882900e+01 7.66415000e+01 7.94761200e+01 8.18680200e+01
 8.38998500e+01 8.68778200e+01 8.96509300e+01 9.16292900e+01
 9.46648100e+01 9.76804100e+01 9.95850100e+01 1.02979020e+02
 1.06281440e+02 1.09124390e+02 1.12035350e+02 1.14348260e+02
 1.17074090e+02 1.20553530e+02 1.23973930e+02 1.25609200e+02
 1.25964120e+02 3.11707044e+04 2.41601073e+06 6.25625002e+07
 9.43861866e+08 1.01383517e+10 8.56762898e+10 6.03898148e+11
 3.68686181e+12 2.00108151e+13 9.84010610e+13 4.44684955e+14"
"1.84898003e+03 1.81507218e+03 1.71566334e+03 1.56009193e+03
 1.36250870e+03 1.14006993e+03 9.10784050e+02 6.93732370e+02
 5.22651530e+02 3.88691650e+02 2.78444920e+02 1.88897710e+02
 1.19416270e+02 6.95943300e+01 3.96355300e+01 3.12615600e+01
 3.30273700e+01 3.56925500e+01 3.86212700e+01 4.11661600e+01
 4.37582200e+01 4.61725300e+01 4.84442800e+01 5.11958700e+01
 5.37727700e+01 5.59722200e+01 5.83374800e+01 6.09510900e+01
 6.34186700e+01 6.62971200e+01 6.84095300e+01 7.08379800e+01
 7.35212000e+01 7.60893200e+01 7.90300800e+01 8.12379200e+01
 8.38032600e+01 8.64805500e+01 8.90674700e+01 9.08173500e+01
 9.45538000e+01 9.73455400e+01 9.94049800e+01 1.01947340e+02
 1.05711420e+02 1.08568520e+02 1.11782310e+02 1.14122560e+02
 1.16304060e+02 1.19726740e+02 1.22894340e+02 1.25294810e+02
 1.22835030e+02 6.18759798e+04 3.80196529e+06 8.91270386e+07
 1.26709289e+09 1.30645986e+10 1.07082901e+11 7.36863631e+11
 4.41139763e+12 2.35541906e+13 1.14216247e+14 5.09931551e+14"
"3.56703735e+03 3.50737773e+03 3.33175673e+03 3.05542254e+03
 2.70172277e+03 2.29918820e+03 1.87820097e+03 1.46756899e+03
 1.10671860e+03 8.30138920e+02 6.09375720e+02 4.29553780e+02
 2.86495990e+02 1.78099490e+02 1.01659690e+02 5.37967000e+01
 3.45982300e+01 3.49561200e+01 3.73983700e+01 3.99979500e+01
 4.32112800e+01 4.55479900e+01 4.77486300e+01 5.03885200e+01
 5.28694800e+01 5.55129800e+01 5.81106200e+01 6.03979600e+01
 6.27987400e+01 6.58811800e+01 6.80474300e+01 7.04312700e+01
 7.31145800e+01 7.54523600e+01 7.84456300e+01 8.07110200e+01
 8.36387000e+01 8.60526900e+01 8.85398100e+01 8.99888900e+01
 9.43227500e+01 9.68509500e+01 9.92942900e+01 1.01486260e+02
 1.05082270e+02 1.08012170e+02 1.11279090e+02 1.13982000e+02
 1.15839000e+02 1.18866580e+02 1.21968810e+02 1.25571490e+02
 1.70485160e+02 1.16433515e+05 5.87204353e+06 1.25661017e+08
 1.68933430e+09 1.67508215e+10 1.33315198e+11 8.96265559e+11
 5.26445582e+12 2.76630473e+13 1.32317133e+14 5.83762521e+14"
"6.52478618e+03 6.42386891e+03 6.12578068e+03 5.65474256e+03
 5.04807253e+03 4.35176241e+03 3.61535208e+03 2.88664099e+03
 2.20890948e+03 1.66070533e+03 1.23602250e+03 8.94170880e+02
 6.19590870e+02 4.05923360e+02 2.47729610e+02 1.38468310e+02
 7.08402600e+01 4.00534800e+01 3.63457900e+01 3.86857400e+01
 4.20314100e+01 4.46861900e+01 4.70903900e+01 4.97835000e+01
 5.20534400e+01 5.49485700e+01 5.77828000e+01 5.98506500e+01
 6.21793300e+01 6.51442000e+01 6.77857300e+01 7.01262900e+01
 7.27291100e+01 7.47631400e+01 7.78518100e+01 8.03714000e+01
 8.34364900e+01 8.56285400e+01 8.81317900e+01 8.95684600e+01
 9.39943600e+01 9.65133700e+01 9.89107200e+01 1.01495620e+02
 1.04712690e+02 1.07363080e+02 1.10805010e+02 1.13804860e+02
 1.15839010e+02 1.18334550e+02 1.21653460e+02 1.24917510e+02
 5.80178130e+02 2.09807708e+05 8.91731096e+06 1.75460871e+08
 2.23757407e+09 2.13732834e+10 1.65346053e+11 1.08680303e+12
 6.26636506e+12 3.24176274e+13 1.52996538e+14 6.67172045e+14"
"1.14440042e+04 1.12786566e+04 1.07888020e+04 1.00120183e+04
 9.00643716e+03 7.84427106e+03 6.60404453e+03 5.36262878e+03
 4.18800205e+03 3.16270522e+03 2.36956336e+03 1.74391636e+03
 1.24146379e+03 8.44705060e+02 5.42718600e+02 3.24525570e+02
 1.77550700e+02 8.79852000e+01 4.54885200e+01 3.84538600e+01
 4.06319800e+01 4.34748100e+01 4.66046200e+01 4.92213100e+01
 5.15042200e+01 5.43057200e+01 5.71733500e+01 5.90720400e+01
 6.17593600e+01 6.44314500e+01 6.73706700e+01 6.98282400e+01
 7.19450600e+01 7.43106500e+01 7.71415300e+01 7.99172100e+01
 8.30361700e+01 8.50259100e+01 8.76847600e+01 8.92604300e+01
 9.36024100e+01 9.60885900e+01 9.82871400e+01 1.01163920e+02
 1.04172890e+02 1.06985810e+02 1.10149450e+02 1.13194690e+02
 1.15757970e+02 1.17850430e+02 1.21499910e+02 1.22752080e+02
 1.75383078e+03 3.64663085e+05 1.33355307e+07 2.42778044e+08
 2.94527059e+09 2.71445760e+10 2.04322127e+11 1.31391561e+12
 7.44028129e+12 3.79081956e+13 1.76579226e+14 7.61254623e+14"
"1.93956169e+04 1.91318047e+04 1.83481704e+04 1.71018232e+04
 1.54814291e+04 1.35978232e+04 1.15725597e+04 9.52607550e+03
 7.56677478e+03 5.78682789e+03 4.35046916e+03 3.23619930e+03
 2.34876703e+03 1.64309471e+03 1.09639190e+03 6.89798800e+02
 4.03384050e+02 2.15302090e+02 1.03678190e+02 5.12368500e+01
 4.03170000e+01 4.19809000e+01 4.54535800e+01 4.81894300e+01
 5.07332000e+01 5.35088600e+01 5.64132700e+01 5.86268500e+01
 6.14760100e+01 6.37790800e+01 6.68514100e+01 6.92309900e+01
 7.12988500e+01 7.39849300e+01 7.67328700e+01 7.95165900e+01
 8.24415600e+01 8.46375600e+01 8.74414600e+01 8.88979400e+01
 9.29878700e+01 9.54698400e+01 9.83401600e+01 1.00472510e+02
 1.03442000e+02 1.06473400e+02 1.09405110e+02 1.12443200e+02
 1.15645530e+02 1.17865440e+02 1.20866870e+02 1.20848290e+02
 4.49776198e+03 6.14641650e+05 1.96646593e+07 3.33058328e+08
 3.85372972e+09 3.43197510e+10 2.51589798e+11 1.58386913e+12
 8.81252504e+12 4.42358597e+13 2.03426107e+14 8.67215965e+14"
"3.19433349e+04 3.15318201e+04 3.03065126e+04 2.83526613e+04
 2.58030661e+04 2.28245750e+04 1.96015732e+04 1.63186303e+04
 1.31443701e+04 1.02183319e+04 7.71449481e+03 5.77523671e+03
 4.24943129e+03 3.03527654e+03 2.08391587e+03 1.36201802e+03
 8.37828910e+02 4.78019950e+02 2.48382530e+02 1.16068450e+02
 5.53517600e+01 4.22036300e+01 4.39594200e+01 4.71328700e+01
 4.99837100e+01 5.28377500e+01 5.52948300e+01 5.80049200e+01
 6.10440400e+01 6.32428500e+01 6.63272800e+01 6.84743500e+01
 7.09589100e+01 7.38167100e+01 7.62642500e+01 7.89744300e+01
 8.16896700e+01 8.43796300e+01 8.70265200e+01 8.87609600e+01
 9.21998600e+01 9.45289400e+01 9.83593500e+01 1.00037770e+02
 1.03044700e+02 1.05857260e+02 1.08750480e+02 1.11803330e+02
 1.15310370e+02 1.17295570e+02 1.19637750e+02 1.20456980e+02
 1.02750058e+04 1.00879973e+06 2.86253850e+07 4.53236003e+08
 5.01371814e+09 4.32039593e+10 3.08726538e+11 1.90387877e+12
 1.04129492e+13 5.15139398e+13 2.33936818e+14 9.86368712e+14"
"5.13385021e+04 5.07089952e+04 4.88304746e+04 4.58282105e+04
 4.18979396e+04 3.72866769e+04 3.22692067e+04 2.71230696e+04
 2.21050745e+04 1.74317867e+04 1.32862145e+04 9.98558181e+03
 7.41728264e+03 5.38252148e+03 3.77778328e+03 2.54251328e+03
 1.62552046e+03 9.75975900e+02 5.42160280e+02 2.73402550e+02
 1.23597890e+02 5.81139800e+01 4.40637400e+01 4.56496000e+01
 4.92507300e+01 5.21180800e+01 5.43927400e+01 5.72193200e+01
 6.04217200e+01 6.25743600e+01 6.59069200e+01 6.78493100e+01
 7.05302700e+01 7.35617400e+01 7.56878700e+01 7.83509100e+01
 8.10818800e+01 8.39325300e+01 8.65760900e+01 8.87625100e+01
 9.13007900e+01 9.36434500e+01 9.78306300e+01 1.00070840e+02
 1.02730260e+02 1.05387240e+02 1.08171250e+02 1.11183190e+02
 1.14296990e+02 1.16626820e+02 1.17934630e+02 1.16374910e+02
 2.15796370e+04 1.61752456e+06 4.11744165e+07 6.12084672e+08
 6.48732348e+09 5.41610509e+10 3.77575164e+11 2.28222922e+12
 1.22753123e+13 5.98692879e+13 2.68551811e+14 1.12015436e+15"
"8.07822237e+04 7.98355677e+04 7.70048664e+04 7.24716553e+04
 6.65203605e+04 5.95113597e+04 5.18478438e+04 4.39403105e+04
 3.61728063e+04 2.88744502e+04 2.22989499e+04 1.68160796e+04
 1.25716028e+04 9.23263806e+03 6.59352512e+03 4.54133613e+03
 2.99240529e+03 1.86886811e+03 1.09332259e+03 5.89907030e+02
 2.87893370e+02 1.26232390e+02 5.94039600e+01 4.54049800e+01
 4.75881400e+01 5.10211300e+01 5.36068800e+01 5.64073700e+01
 5.94988200e+01 6.20772800e+01 6.55529400e+01 6.71327800e+01
 7.00022100e+01 7.30424200e+01 7.51401500e+01 7.79501600e+01
 8.03397900e+01 8.35015400e+01 8.60041000e+01 8.88045600e+01
 9.02661700e+01 9.33486000e+01 9.68134300e+01 1.00031060e+02
 1.02096850e+02 1.05114130e+02 1.07553240e+02 1.10623090e+02
 1.13464530e+02 1.15799630e+02 1.17387130e+02 1.18081950e+02
 4.25003040e+04 2.54037171e+06 5.85715437e+07 8.20647591e+08
 8.35020106e+09 6.76233319e+10 4.60279683e+11 2.72841293e+12
 1.44378017e+13 6.94429129e+13 3.07757854e+14 1.27014774e+15"
"1.24775334e+05 1.23373136e+05 1.19172258e+05 1.12432518e+05
 1.03562001e+05 9.30796370e+04 8.15689633e+04 6.96283168e+04
 5.78229443e+04 4.66440406e+04 3.64784812e+04 2.76873180e+04
 2.07892022e+04 1.54047522e+04 1.11543823e+04 7.82705251e+03
 5.28373792e+03 3.40448730e+03 2.07395193e+03 1.17993224e+03
 6.16850010e+02 2.90582680e+02 1.23438950e+02 5.91196500e+01
 4.73117300e+01 4.93774300e+01 5.28437200e+01 5.58269200e+01
 5.84129700e+01 6.15421200e+01 6.51020900e+01 6.65255200e+01
 6.93009900e+01 7.22874500e+01 7.50903100e+01 7.77168200e+01
 7.95841500e+01 8.29408300e+01 8.55251400e+01 8.87145300e+01
 8.91839000e+01 9.34363100e+01 9.58825000e+01 9.94181500e+01
 1.01383600e+02 1.04659010e+02 1.06984240e+02 1.09908510e+02
 1.12809990e+02 1.14933680e+02 1.17367730e+02 1.87456480e+02
 7.95310072e+04 3.91633444e+06 8.24624229e+07 1.09273939e+09
 1.06941110e+10 8.41025858e+10 5.59330815e+11 3.25326977e+12
 1.69434174e+13 8.03920693e+13 3.52091296e+14 1.43806920e+15"
"1.89582391e+05 1.87533356e+05 1.81383568e+05 1.71500735e+05
 1.58463706e+05 1.43010974e+05 1.25976797e+05 1.08222009e+05
 9.05669133e+04 7.37330916e+04 5.82994430e+04 4.46854618e+04
 3.36624455e+04 2.51091328e+04 1.83818943e+04 1.30965215e+04
 9.01759722e+03 5.95924445e+03 3.74977165e+03 2.22454521e+03
 1.22829202e+03 6.20548750e+02 2.81145950e+02 1.16927990e+02
 5.84603100e+01 4.83377100e+01 5.14663200e+01 5.51885900e+01
 5.73066800e+01 6.05730600e+01 6.43668700e+01 6.60266200e+01
 6.88040700e+01 7.15230100e+01 7.47296900e+01 7.73419800e+01
 7.91491600e+01 8.24266700e+01 8.49880600e+01 8.84089800e+01
 8.84105000e+01 9.31741100e+01 9.53207200e+01 9.88283000e+01
 1.01291070e+02 1.03986210e+02 1.06632690e+02 1.09260120e+02
 1.12318230e+02 1.14912340e+02 1.16747090e+02 4.76713820e+02
 1.42715397e+05 5.93707921e+06 1.14981136e+08 1.44555641e+09
 1.36298766e+10 1.04203660e+11 6.77615099e+11 3.86917391e+12
 1.98404848e+13 9.28915748e+13 4.02142972e+14 1.62579409e+15"
"2.83842904e+05 2.80884939e+05 2.71992062e+05 2.57679402e+05
 2.38759555e+05 2.16272336e+05 1.91397311e+05 1.65358574e+05
 1.39331672e+05 1.14361923e+05 9.13014750e+04 7.07698090e+04
 5.35195337e+04 4.01135825e+04 2.96225525e+04 2.13716980e+04
 1.49594180e+04 1.00948990e+04 6.52267111e+03 4.00246735e+03
 2.30832035e+03 1.23414750e+03 6.00745500e+02 2.61321830e+02
 1.07638400e+02 5.67032100e+01 5.02396600e+01 5.37545400e+01
 5.63471500e+01 5.96869400e+01 6.33817200e+01 6.56139800e+01
 6.83814500e+01 7.07731400e+01 7.41191900e+01 7.66451600e+01
 7.87748300e+01 8.18758800e+01 8.43763600e+01 8.77835100e+01
 8.83600300e+01 9.24821100e+01 9.47106200e+01 9.82201100e+01
 1.01272570e+02 1.03186130e+02 1.06393540e+02 1.08992090e+02
 1.12254740e+02 1.14906310e+02 1.15336980e+02 1.31754342e+03
 2.47233194e+05 8.86405527e+06 1.58874994e+08 1.90040404e+09
 1.72909355e+10 1.28637317e+11 8.18466194e+11 4.59020046e+12
 2.31832859e+13 1.07135671e+14 4.58560847e+14 1.83536088e+15"
"4.19371711e+05 4.15148618e+05 4.02431687e+05 3.81935888e+05
 3.54791213e+05 3.22447598e+05 2.86556142e+05 2.48839157e+05
 2.10962290e+05 1.74421058e+05 1.40451889e+05 1.09974263e+05
 8.37194472e+04 6.29746007e+04 4.68233595e+04 3.41335802e+04
 2.42247802e+04 1.66372504e+04 1.09900850e+04 6.93404565e+03
 4.14294443e+03 2.31818723e+03 1.19705807e+03 5.59844500e+02
 2.33441510e+02 9.66055400e+01 5.57324400e+01 5.18445000e+01
 5.52196600e+01 5.87489600e+01 6.21902700e+01 6.50214100e+01
 6.79758800e+01 7.01118000e+01 7.32340300e+01 7.59547900e+01
 7.85504200e+01 8.12975100e+01 8.35649400e+01 8.67271400e+01
 8.88049400e+01 9.21690600e+01 9.41893800e+01 9.74844400e+01
 1.01111370e+02 1.02916320e+02 1.06003200e+02 1.08856560e+02
 1.11741840e+02 1.14427730e+02 1.12967830e+02 3.24560852e+03
 4.15572988e+05 1.30502835e+07 2.17658711e+08 2.48353505e+09
 2.18372650e+10 1.58237674e+11 9.85725313e+11 5.43230738e+12
 2.70326900e+13 1.23339239e+14 5.22055884e+14 2.06898799e+15"
"6.12201245e+05 6.06232530e+05 5.88231259e+05 5.59181325e+05
 5.20640506e+05 4.74612716e+05 4.23387908e+05 3.69366139e+05
 3.14883334e+05 2.62055202e+05 2.12652917e+05 1.68019772e+05
 1.29033246e+05 9.73568615e+04 7.27716845e+04 5.35054911e+04
 3.84204027e+04 2.67841339e+04 1.80270058e+04 1.16424544e+04
 7.16283145e+03 4.15979503e+03 2.25334779e+03 1.12071778e+03
 5.01963080e+02 2.02824470e+02 8.65607600e+01 5.43293500e+01
 5.40185000e+01 5.77958400e+01 6.09851900e+01 6.41374100e+01
 6.71786500e+01 6.96254900e+01 7.23462600e+01 7.50731900e+01
 7.85757700e+01 8.07666600e+01 8.28041400e+01 8.56720000e+01
 8.86722300e+01 9.19135200e+01 9.40400300e+01 9.68059900e+01
 1.00624250e+02 1.02881840e+02 1.05006730e+02 1.08321120e+02
 1.10699500e+02 1.13425210e+02 1.11051800e+02 7.25679016e+03
 6.80458423e+05 1.89677773e+07 2.95799178e+08 3.22718698e+09
 2.74599790e+10 1.93980968e+11 1.18381654e+12 6.41358237e+12
 3.14567617e+13 1.41740055e+14 5.93409421e+14 2.32909626e+15"
"8.83931752e+05 8.75573713e+05 8.50329077e+05 8.09541174e+05
 7.55340396e+05 6.90473702e+05 6.18090334e+05 5.41505367e+05
 4.63964143e+05 3.88429409e+05 3.17409382e+05 2.52839403e+05
 1.96023233e+05 1.48459328e+05 1.11425114e+05 8.25036521e+04
 5.98356714e+04 4.22528376e+04 2.88980898e+04 1.90380138e+04
 1.20055025e+04 7.19119549e+03 4.05153815e+03 2.11947454e+03
 1.01226281e+03 4.33026620e+02 1.71749840e+02 7.69116500e+01
 5.44402100e+01 5.62212000e+01 5.98765000e+01 6.30024500e+01
 6.63358700e+01 6.93179600e+01 7.16872100e+01 7.43410600e+01
 7.81099800e+01 7.99851000e+01 8.23220000e+01 8.51617700e+01
 8.81144300e+01 9.13086500e+01 9.39620400e+01 9.60075100e+01
 9.96765000e+01 1.02549920e+02 1.03779300e+02 1.07524430e+02
 1.09766330e+02 1.11872820e+02 1.08908070e+02 1.50465182e+04
 1.08875951e+06 2.72421982e+07 3.98942357e+08 4.17070737e+09
 3.43868603e+10 2.37005468e+11 1.41780204e+12 7.55448942e+12
 3.65314543e+13 1.62601550e+14 6.73473494e+14 2.61828571e+15"
"1.26347195e+06 1.25186778e+06 1.21676863e+06 1.15999524e+06
 1.08443959e+06 9.93838777e+05 8.92490080e+05 7.84935318e+05
 6.75644647e+05 5.68728574e+05 4.67702367e+05 3.75320105e+05
 2.93487124e+05 2.23588952e+05 1.68358269e+05 1.25375902e+05
 9.17023657e+04 6.54792254e+04 4.54102088e+04 3.04332707e+04
 1.96008287e+04 1.20519273e+04 7.01642536e+03 3.82673337e+03
 1.92797265e+03 8.81532210e+02 3.60055210e+02 1.42428670e+02
 6.93588100e+01 5.52714600e+01 5.87102800e+01 6.19550400e+01
 6.51843900e+01 6.87491700e+01 7.11003100e+01 7.34079000e+01
 7.71330200e+01 7.92734000e+01 8.19978000e+01 8.47149500e+01
 8.78867800e+01 9.05709800e+01 9.37993800e+01 9.54269100e+01
 9.89598000e+01 1.02099330e+02 1.03709020e+02 1.06828120e+02
 1.08675990e+02 1.10209740e+02 1.24890080e+02 2.93874337e+04
 1.70664195e+06 3.86957863e+07 5.34177344e+08 5.36197052e+09
 4.28877907e+10 2.88635031e+11 1.69347647e+12 8.87809786e+12
 4.23415568e+13 1.86213232e+14 7.63177153e+14 2.93938126e+15"
"1.78927285e+06 1.77328885e+06 1.72487580e+06 1.64648476e+06
 1.54201459e+06 1.41651380e+06 1.27580389e+06 1.12606068e+06
 9.73392728e+05 8.23454464e+05 6.81126175e+05 5.50283873e+05
 4.33671546e+05 3.32879978e+05 2.51363445e+05 1.88059327e+05
 1.38544289e+05 9.98862131e+04 7.01177434e+04 4.76991074e+04
 3.12875652e+04 1.96743897e+04 1.17769944e+04 6.65119664e+03
 3.50308445e+03 1.69464631e+03 7.39200580e+02 2.92199280e+02
 1.18113180e+02 6.28377600e+01 5.72694400e+01 6.08323000e+01
 6.40729800e+01 6.75870700e+01 7.04554500e+01 7.24322500e+01
 7.57978400e+01 7.87410200e+01 8.20443700e+01 8.37170300e+01
 8.76982300e+01 8.97362400e+01 9.33138700e+01 9.51525300e+01
 9.83359100e+01 1.01645360e+02 1.03607280e+02 1.05964060e+02
 1.07752240e+02 1.09270930e+02 2.18698760e+02 5.46733808e+04
 2.62629066e+06 5.44011378e+07 7.10365175e+08 6.85897402e+09
 5.32821661e+10 3.50407968e+11 2.01745889e+12 1.04103798e+13
 4.89814460e+13 2.12893624e+14 8.63534997e+14 3.29543860e+15"
"2.51218197e+06 2.49032654e+06 2.42404220e+06 2.31660772e+06
 2.17324571e+06 2.00073168e+06 1.80689906e+06 1.60008697e+06
 1.38858167e+06 1.18010050e+06 9.81360390e+05 7.97761968e+05
 6.33206502e+05 4.90048465e+05 3.71250850e+05 2.78794044e+05
 2.06645109e+05 1.50242356e+05 1.06598796e+05 7.34739098e+04
 4.89711467e+04 3.14000663e+04 1.92506792e+04 1.11991344e+04
 6.12235004e+03 3.10542316e+03 1.43788235e+03 5.96902280e+02
 2.31786510e+02 9.77290100e+01 5.95089800e+01 5.92895100e+01
 6.28982700e+01 6.62869400e+01 6.96221900e+01 7.21406000e+01
 7.47813100e+01 7.80572800e+01 8.18979500e+01 8.30204600e+01
 8.71454600e+01 8.89776800e+01 9.26839400e+01 9.50547200e+01
 9.73960800e+01 1.00905910e+02 1.02937560e+02 1.05454640e+02
 1.07352410e+02 1.08246650e+02 4.65372320e+02 9.76848434e+04
 3.97462908e+06 7.57463576e+07 9.38515446e+08 8.73166960e+09
 6.59466221e+10 4.24100445e+11 2.39728655e+12 1.21805808e+13
 5.65556150e+13 2.42993222e+14 9.75653001e+14 3.68976306e+15"
"3.49907571e+06 3.46939661e+06 3.37926886e+06 3.23305250e+06
 3.03770134e+06 2.80225314e+06 2.53718237e+06 2.25367605e+06
 1.96289792e+06 1.67530432e+06 1.40006662e+06 1.14464148e+06
 9.14512494e+05 7.13108615e+05 5.42901727e+05 4.08945259e+05
 3.04670983e+05 2.23141194e+05 1.59821246e+05 1.11445458e+05
 7.53349004e+04 4.91374677e+04 3.07580554e+04 1.83560694e+04
 1.03581309e+04 5.46796804e+03 2.66297159e+03 1.17618893e+03
 4.68168340e+02 1.81846830e+02 8.20254500e+01 5.90008000e+01
 6.17042300e+01 6.48033300e+01 6.84303600e+01 7.17099300e+01
 7.42117500e+01 7.76080100e+01 8.09352800e+01 8.30209000e+01
 8.63522200e+01 8.81749800e+01 9.20120000e+01 9.49651700e+01
 9.64328100e+01 9.99750300e+01 1.02744620e+02 1.05646510e+02
 1.07092810e+02 1.06633980e+02 1.04392426e+03 1.68648843e+05
 5.92444548e+06 1.04515886e+08 1.23225211e+09 1.10642126e+10
 8.13235373e+10 5.11763134e+11 2.84152092e+12 1.42214561e+13
 6.51801009e+13 2.76897207e+14 1.10073397e+15 4.12591336e+15"
"4.83746389e+06 4.79741860e+06 4.67566042e+06 4.47795489e+06
 4.21350882e+06 3.89430836e+06 3.53427712e+06 3.14833135e+06
 2.75141583e+06 2.35760229e+06 1.97932147e+06 1.62678315e+06
 1.30761635e+06 1.02673857e+06 7.86592402e+05 5.94082132e+05
 4.44498550e+05 3.27633427e+05 2.36630206e+05 1.66721174e+05
 1.14123192e+05 7.55720864e+04 4.81776400e+04 2.93981260e+04
 1.70485389e+04 9.31127540e+03 4.73340986e+03 2.20618859e+03
 9.26211430e+02 3.58940980e+02 1.43048420e+02 7.03265500e+01
 6.03352700e+01 6.35546600e+01 6.67688000e+01 7.10777200e+01
 7.34492500e+01 7.70180500e+01 7.97317400e+01 8.28997000e+01
 8.56395400e+01 8.73119100e+01 9.12710100e+01 9.46395400e+01
 9.62308000e+01 9.90208600e+01 1.01927550e+02 1.05183350e+02
 1.06857030e+02 1.03991250e+02 2.38872600e+03 2.82686391e+05
 8.70859402e+06 1.42988417e+08 1.60833608e+09 1.39572778e+10
 9.99317406e+10 6.15758726e+11 3.35988336e+12 1.65696318e+13
 7.49834834e+13 3.15027075e+14 1.24008219e+15 4.60772152e+15"
"6.64130559e+06 6.58759835e+06 6.42410390e+06 6.15840647e+06
 5.80263117e+06 5.37258867e+06 4.88668525e+06 4.36469601e+06
 3.82650826e+06 3.29093974e+06 2.77472394e+06 2.29173318e+06
 1.85248317e+06 1.46393284e+06 1.12956463e+06 8.55420744e+05
 6.42315989e+05 4.76064143e+05 3.46390998e+05 2.46323683e+05
 1.70515661e+05 1.14448629e+05 7.41537519e+04 4.61425004e+04
 2.74037900e+04 1.54125873e+04 8.12735080e+03 3.96650478e+03
 1.76333287e+03 7.05436210e+02 2.71014810e+02 1.12448690e+02
 6.40174800e+01 6.22884400e+01 6.50547900e+01 6.98683600e+01
 7.28445500e+01 7.60409500e+01 7.90274700e+01 8.23581400e+01
 8.48686600e+01 8.69680500e+01 9.02016400e+01 9.39551200e+01
 9.60074000e+01 9.83219400e+01 1.00828120e+02 1.04490360e+02
 1.06032230e+02 1.01645890e+02 5.20168913e+03 4.61754892e+05
 1.26379427e+07 1.94056436e+08 2.08730580e+09 1.75310243e+10
 1.22377358e+11 7.38797450e+11 3.96337724e+12 1.92660830e+13
 8.61077210e+13 3.57844036e+14 1.39511357e+15 5.13931324e+15"
"9.05832930e+06 8.98670678e+06 8.76841926e+06 8.41339399e+06
 7.93751952e+06 7.36154533e+06 6.70967688e+06 6.00799013e+06
 5.28280147e+06 4.55912683e+06 3.85934843e+06 3.20218139e+06
 2.60199822e+06 2.06853224e+06 1.60694401e+06 1.22167472e+06
 9.20054865e+05 6.85170637e+05 5.01831720e+05 3.59836289e+05
 2.51621612e+05 1.70943317e+05 1.12373064e+05 7.11492750e+04
 4.31504698e+04 2.48976986e+04 1.35506427e+04 6.87989689e+03
 3.21296262e+03 1.35722138e+03 5.26340820e+02 2.04029080e+02
 8.95461800e+01 6.26186800e+01 6.41973100e+01 6.85792000e+01
 7.21551300e+01 7.53308600e+01 7.81664600e+01 8.16472400e+01
 8.38934500e+01 8.67969300e+01 8.91892900e+01 9.32900700e+01
 9.56262900e+01 9.75926200e+01 9.98807500e+01 1.03542420e+02
 1.04632510e+02 1.03877140e+02 1.06176431e+04 7.37245793e+05
 1.81237160e+07 2.61367219e+08 2.69420866e+09 2.19283277e+10
 1.49365817e+11 8.83984867e+11 4.66440131e+12 2.23565516e+13
 9.87093927e+13 4.05852689e+14 1.56737082e+15 5.72516359e+15"
"1.22792161e+07 1.21842121e+07 1.18943330e+07 1.14225122e+07
 1.07894712e+07 1.00223102e+07 9.15270446e+06 8.21486432e+06
 7.24343030e+06 6.27147366e+06 5.32875406e+06 4.44035360e+06
 3.62576429e+06 2.89845910e+06 2.26593078e+06 1.73142487e+06
 1.30728190e+06 9.77521786e+05 7.20145440e+05 5.20251752e+05
 3.67127683e+05 2.52154383e+05 1.67930745e+05 1.07990104e+05
 6.67244198e+04 3.93767836e+04 2.20297143e+04 1.15734541e+04
 5.64019131e+03 2.51198676e+03 1.00784517e+03 3.84866780e+02
 1.53594980e+02 7.40589100e+01 6.38312000e+01 6.70822600e+01
 7.05295700e+01 7.49789700e+01 7.69342700e+01 8.10114000e+01
 8.30952800e+01 8.63853000e+01 8.83702000e+01 9.23394900e+01
 9.55105500e+01 9.70029800e+01 9.87393900e+01 1.02061430e+02
 1.03297340e+02 1.38267540e+02 2.05283493e+04 1.15338042e+06
 2.57054290e+07 3.49495740e+08 3.45946856e+09 2.73184458e+10
 1.81717540e+11 1.05487609e+12 5.47694904e+12 2.58918794e+13
 1.12961152e+14 4.59605894e+14 1.75850984e+15 6.37000169e+15"
"1.65490833e+07 1.64237010e+07 1.60407045e+07 1.54168687e+07
 1.45790974e+07 1.35626238e+07 1.24087054e+07 1.11620097e+07
 9.86790784e+06 8.56989191e+06 7.30730973e+06 6.11356989e+06
 5.01491889e+06 4.02983290e+06 3.16900921e+06 2.43589017e+06
 1.84366108e+06 1.38341044e+06 1.02443569e+06 7.45076932e+05
 5.30148075e+05 3.67746941e+05 2.47814732e+05 1.61603837e+05
 1.01529015e+05 6.11268602e+04 3.50377902e+04 1.89636914e+04
 9.58979454e+03 4.47102282e+03 1.89149661e+03 7.33239900e+02
 2.81051810e+02 1.15611520e+02 6.68910300e+01 6.51628500e+01
 6.91266100e+01 7.39390300e+01 7.60110000e+01 8.00368800e+01
 8.24684500e+01 8.61188800e+01 8.80034100e+01 9.08635800e+01
 9.48369000e+01 9.69388300e+01 9.79248400e+01 1.00762190e+02
 1.02316470e+02 2.54265040e+02 3.79257101e+04 1.77166783e+06
 3.60856004e+07 4.64148907e+08 4.41990388e+09 3.39014244e+10
 2.20382415e+11 1.25551734e+12 6.41676618e+12 2.99286199e+13
 1.29053617e+14 5.19700860e+14 1.97032100e+15 7.07892842e+15"
"2.21818024e+07 2.20171192e+07 2.15135266e+07 2.06926901e+07
 1.95893914e+07 1.82492399e+07 1.67257371e+07 1.50769396e+07
 1.33619937e+07 1.16378142e+07 9.95615293e+06 8.36125316e+06
 6.88822281e+06 5.56218592e+06 4.39819899e+06 3.40185362e+06
 2.58209649e+06 1.94327624e+06 1.44557379e+06 1.05777315e+06
 7.58318927e+05 5.30790500e+05 3.61534606e+05 2.38766404e+05
 1.52275888e+05 9.33356219e+04 5.46644142e+04 3.03718349e+04
 1.58624521e+04 7.69717758e+03 3.42141025e+03 1.37336458e+03
 5.22762740e+02 2.04707880e+02 8.96687700e+01 6.52283000e+01
 6.78984700e+01 7.21027600e+01 7.56618000e+01 7.88678500e+01
 8.18556600e+01 8.56408600e+01 8.78254900e+01 9.02896900e+01
 9.39411500e+01 9.65988400e+01 9.73499500e+01 9.96306700e+01
 1.00751160e+02 5.05210740e+02 6.74167788e+04 2.67660096e+06
 5.01718767e+07 6.12411148e+08 5.61984214e+09 4.19127645e+10
 2.66458336e+11 1.49051185e+12 7.50150659e+12 3.45296973e+13
 1.47194587e+14 5.86789979e+14 2.20473910e+15 7.85740791e+15"
"2.95777978e+07 2.93624770e+07 2.87033374e+07 2.76282497e+07
 2.61819977e+07 2.44233803e+07 2.24214859e+07 2.02514489e+07
 1.79900295e+07 1.57113609e+07 1.34831715e+07 1.13637367e+07
 9.39972868e+06 7.62504887e+06 6.06063101e+06 4.71512483e+06
 3.59262491e+06 2.71087322e+06 2.02463141e+06 1.48960652e+06
 1.07523958e+06 7.58850994e+05 5.21945257e+05 3.48701764e+05
 2.25434531e+05 1.40424488e+05 8.38434505e+04 4.76794087e+04
 2.56186907e+04 1.28743353e+04 5.97442712e+03 2.52151907e+03
 9.76883700e+02 3.72053280e+02 1.48811400e+02 7.33041800e+01
 6.67705700e+01 7.01353200e+01 7.47506700e+01 7.79402400e+01
 8.11031500e+01 8.45532600e+01 8.73193900e+01 8.94698300e+01
 9.29309500e+01 9.61907100e+01 9.70296000e+01 9.89692300e+01
 9.83475800e+01 9.98647760e+02 1.15935282e+05 3.98303601e+06
 6.91288984e+07 8.03026679e+08 7.11250692e+09 5.16287173e+10
 3.21211891e+11 1.76509132e+12 8.75096518e+12 3.97646056e+13
 1.67612669e+14 6.61582977e+14 2.46385445e+15 8.71130222e+15"
"3.92461134e+07 3.89657997e+07 3.81068127e+07 3.67048679e+07
 3.48174055e+07 3.25199314e+07 2.99013060e+07 2.70583672e+07
 2.40903135e+07 2.10932781e+07 1.81554834e+07 1.53532966e+07
 1.27484074e+07 1.03862380e+07 8.29558265e+06 6.48937046e+06
 4.96810146e+06 3.75733109e+06 2.81599211e+06 2.08204931e+06
 1.51229421e+06 1.07539815e+06 7.46322771e+05 5.03885965e+05
 3.29822264e+05 2.08474056e+05 1.26652954e+05 7.35369779e+04
 4.05192432e+04 2.09997787e+04 1.01220010e+04 4.47636625e+03
 1.79168317e+03 6.80644400e+02 2.64140350e+02 1.08354770e+02
 6.87164600e+01 6.85668500e+01 7.32579100e+01 7.66475400e+01
 8.01982300e+01 8.28977700e+01 8.69003100e+01 8.85561800e+01
 9.15796700e+01 9.53763900e+01 9.67829500e+01 9.86446900e+01
 9.50413700e+01 1.96283086e+03 1.93710787e+05 5.84542449e+06
 9.44414904e+07 1.04674224e+09 8.96151170e+09 6.33727521e+10
 3.86098531e+11 2.08517482e+12 1.01873256e+13 4.57101465e+13
 1.90558508e+14 7.44849364e+14 2.74990775e+15 9.64684166e+15"
"5.18316954e+07 5.14682715e+07 5.03534715e+07 4.85328966e+07
 4.60799491e+07 4.30912272e+07 3.96805872e+07 3.59723535e+07
 3.20942057e+07 2.81702828e+07 2.43149920e+07 2.06279293e+07
 1.71901945e+07 1.40622492e+07 1.12833243e+07 8.87225467e+06
 6.82951205e+06 5.17651150e+06 3.89138265e+06 2.88985730e+06
 2.11104111e+06 1.51161926e+06 1.05773014e+06 7.21077064e+05
 4.77371694e+05 3.05784224e+05 1.88716012e+05 1.11641525e+05
 6.29136008e+04 3.35091063e+04 1.67020220e+04 7.69525913e+03
 3.22972044e+03 1.24823365e+03 4.73956570e+02 1.85864670e+02
 8.38455000e+01 6.70080000e+01 7.17779800e+01 7.50854000e+01
 7.93720600e+01 8.17496200e+01 8.59038800e+01 8.85260500e+01
 9.05755700e+01 9.41256600e+01 9.60244000e+01 9.76627600e+01
 9.39039600e+01 3.86639405e+03 3.15569946e+05 8.46955396e+06
 1.27990865e+08 1.35670308e+09 1.12426684e+10 7.75220681e+10
 4.62786390e+11 2.45745628e+12 1.18352855e+13 5.24512738e+13
 2.16305661e+14 8.37422130e+14 3.06531135e+15 1.06706879e+16"
"6.81490402e+07 6.76797129e+07 6.62386212e+07 6.38837855e+07
 6.07086760e+07 5.68364344e+07 5.24124148e+07 4.75956361e+07
 4.25498064e+07 3.74345886e+07 3.23977213e+07 2.75685052e+07
 2.30530179e+07 1.89312533e+07 1.52562074e+07 1.20547690e+07
 9.33014398e+06 7.09162057e+06 5.34502175e+06 3.98501675e+06
 2.92623088e+06 2.10875619e+06 1.48681140e+06 1.02266640e+06
 6.84123997e+05 4.43598773e+05 2.77720363e+05 1.67102821e+05
 9.60914279e+04 5.24435813e+04 2.69282967e+04 1.28664320e+04
 5.64630564e+03 2.24823200e+03 8.52952850e+02 3.29230880e+02
 1.30805820e+02 7.21662700e+01 6.99609100e+01 7.39251500e+01
 7.86298700e+01 8.06081300e+01 8.49449300e+01 8.82978500e+01
 8.96289800e+01 9.30214600e+01 9.46738700e+01 9.64041400e+01
 1.06337370e+02 7.63945022e+03 5.02661032e+05 1.21272458e+07
 1.72145436e+08 1.74892115e+09 1.40460437e+10 9.45157304e+10
 5.53186164e+11 2.88949297e+12 1.37223632e+13 6.00815784e+13
 2.45152771e+14 9.40203646e+14 3.41265669e+15 1.17899442e+16"
"8.92235903e+07 8.86197701e+07 8.67639009e+07 8.37295585e+07
 7.96353666e+07 7.46377690e+07 6.89216871e+07 6.26897938e+07
 5.61512235e+07 4.95105473e+07 4.29577811e+07 3.66600674e+07
 3.07554924e+07 2.53492965e+07 2.05125191e+07 1.62829209e+07
 1.26678554e+07 9.66304333e+06 7.30023768e+06 5.46181438e+06
 4.02968715e+06 2.92107722e+06 2.07405738e+06 1.43839024e+06
 9.71517643e+05 6.37055116e+05 4.04102185e+05 2.46927939e+05
 1.44616685e+05 8.06752085e+04 4.25375173e+04 2.09932846e+04
 9.58272562e+03 3.98873755e+03 1.53635167e+03 5.83136730e+02
 2.26488030e+02 9.47145800e+01 6.99734800e+01 7.17372100e+01
 7.72134500e+01 8.02007600e+01 8.35372000e+01 8.76223200e+01
 8.90204300e+01 9.16963500e+01 9.33147600e+01 9.49833500e+01
 1.57748660e+02 1.45611254e+04 7.84726336e+05 1.71743502e+07
 2.29870595e+08 2.24281448e+09 1.74781215e+10 1.14863568e+11
 6.59476510e+11 3.38979640e+12 1.58792163e+13 6.87039771e+13
 2.77425663e+14 1.05417309e+15 3.79474460e+15 1.30122465e+16"
"1.16342541e+08 1.15568471e+08 1.13187055e+08 1.09291294e+08
 1.04031250e+08 9.76050240e+07 9.02470948e+07 8.22148957e+07
 7.37746571e+07 6.51875371e+07 5.66969938e+07 4.85182035e+07
 4.08301094e+07 3.37704364e+07 2.74337428e+07 2.18723313e+07
 1.70996323e+07 1.30991670e+07 9.91777036e+06 7.44320966e+06
 5.51525357e+06 4.01967960e+06 2.87271297e+06 2.00753340e+06
 1.36804597e+06 9.06401876e+05 5.81932753e+05 3.60650571e+05
 2.14765613e+05 1.22204589e+05 6.59868308e+04 3.35210009e+04
 1.58483346e+04 6.88555312e+03 2.72303554e+03 1.03198321e+03
 3.97446110e+02 1.54234070e+02 7.73663900e+01 7.03579000e+01
 7.55230000e+01 7.98187600e+01 8.24207600e+01 8.63862800e+01
 8.89928800e+01 9.08767500e+01 9.16845500e+01 9.37078900e+01
 2.90018620e+02 2.66476436e+04 1.20303174e+06 2.40733349e+07
 3.04860264e+08 2.86183217e+09 2.16645644e+10 1.39154840e+11
 7.84140380e+11 3.96790722e+12 1.83398358e+13 7.84316594e+13
 3.13480404e+14 1.18038440e+15 4.21453781e+15 1.43455980e+16"
"1.51117056e+08 1.50128142e+08 1.47082900e+08 1.42098529e+08
 1.35364268e+08 1.27130187e+08 1.17692653e+08 1.07377590e+08
 9.65227801e+07 8.54604611e+07 7.45014276e+07 6.39216166e+07
 5.39519268e+07 4.47717036e+07 3.65059996e+07 2.92264136e+07
 2.29550505e+07 1.76709436e+07 1.34059836e+07 1.00890800e+07
 7.50505630e+06 5.49731852e+06 3.95248118e+06 2.78176706e+06
 1.91136969e+06 1.27857210e+06 8.30068342e+05 5.21152425e+05
 3.15103899e+05 1.82555250e+05 1.00716072e+05 5.25071701e+04
 2.56192123e+04 1.15640312e+04 4.76250912e+03 1.82669992e+03
 6.94134280e+02 2.67408860e+02 1.07630660e+02 7.19057100e+01
 7.30075200e+01 7.84658300e+01 8.12861000e+01 8.52264600e+01
 8.83362100e+01 9.01419100e+01 9.08296900e+01 9.21107000e+01
 5.52428950e+02 4.70493151e+04 1.81418829e+06 3.34208386e+07
 4.01690651e+08 3.63417587e+09 2.67530385e+10 1.68069979e+11
 9.30000760e+11 4.63454390e+12 2.11419139e+13 8.93890701e+13
 3.53701996e+14 1.31996926e+15 4.67521670e+15 1.57985243e+16"
"1.95558287e+08 1.94299060e+08 1.90417840e+08 1.84061881e+08
 1.75469122e+08 1.64954283e+08 1.52890810e+08 1.39690053e+08
 1.25779196e+08 1.11579499e+08 9.74863358e+07 8.38522497e+07
 7.09739725e+07 5.90839614e+07 4.83466134e+07 3.88589464e+07
 3.06552023e+07 2.37145849e+07 1.80362567e+07 1.36064110e+07
 1.01574733e+07 7.47449862e+06 5.40423554e+06 3.82870086e+06
 2.65101820e+06 1.78920583e+06 1.17361831e+06 7.45725691e+05
 4.57237495e+05 2.69293153e+05 1.51496743e+05 8.08500493e+04
 4.05801391e+04 1.89535201e+04 8.13571689e+03 3.19643034e+03
 1.20891206e+03 4.64973230e+02 1.76912430e+02 8.33181300e+01
 7.14227200e+01 7.63895500e+01 7.96661900e+01 8.36154700e+01
 8.77733700e+01 8.99283000e+01 8.99284300e+01 8.91663800e+01
 1.02728835e+03 8.04988651e+04 2.69493461e+06 4.59807828e+07
 5.26001627e+08 4.59364275e+09 3.29166739e+10 2.02391970e+11
 1.10025878e+12 5.40169155e+12 2.43271775e+13 1.01712321e+14
 3.98508435e+14 1.47415066e+15 5.18018858e+15 1.73800989e+16"
"2.52170065e+08 2.50571707e+08 2.45640738e+08 2.37561650e+08
 2.26632761e+08 2.13249007e+08 1.97879577e+08 1.81042082e+08
 1.63275105e+08 1.45111082e+08 1.27051306e+08 1.09544598e+08
 9.29708257e+07 7.76299620e+07 6.37369357e+07 5.14220290e+07
 4.07361934e+07 3.16603356e+07 2.41559296e+07 1.82629007e+07
 1.36771754e+07 1.01072870e+07 7.34594459e+06 5.23646877e+06
 3.65185158e+06 2.48519718e+06 1.64584185e+06 1.05744364e+06
 6.56785056e+05 3.92700893e+05 2.24891237e+05 1.22591268e+05
 6.31205943e+04 3.04048166e+04 1.35477467e+04 5.50986119e+03
 2.10642393e+03 8.01707220e+02 3.06661360e+02 1.19684490e+02
 7.33856700e+01 7.45549600e+01 7.87820100e+01 8.21294300e+01
 8.63896200e+01 8.92623100e+01 8.96354700e+01 8.58989000e+01
 1.86658898e+03 1.33963398e+05 3.94834669e+06 6.27253584e+07
 6.84712222e+08 5.78061276e+09 4.03579207e+10 2.43020108e+11
 1.29853109e+12 6.28274069e+12 2.79418518e+13 1.15549948e+14
 4.48354053e+14 1.64424531e+15 5.73309020e+15 1.90999620e+16"
"3.24061679e+08 3.22039024e+08 3.15793520e+08 3.05555682e+08
 2.91698500e+08 2.74716192e+08 2.55196574e+08 2.33789084e+08
 2.11170751e+08 1.88012467e+08 1.64947787e+08 1.42546175e+08
 1.21292136e+08 1.01571164e+08 8.36628044e+07 6.77406110e+07
 5.38782343e+07 4.20605231e+07 3.22113775e+07 2.44030910e+07
 1.83278245e+07 1.35969314e+07 9.93014443e+06 7.11943321e+06
 4.99838288e+06 3.42799618e+06 2.29058254e+06 1.48693066e+06
 9.34635874e+05 5.66658198e+05 3.29853031e+05 1.83316265e+05
 9.65937511e+04 4.78429401e+04 2.20420756e+04 9.33025559e+03
 3.63867730e+03 1.37609893e+03 5.27952320e+02 1.98662690e+02
 8.85585000e+01 7.31382000e+01 7.75840100e+01 8.07426800e+01
 8.48194200e+01 8.81877200e+01 8.86495700e+01 8.93299700e+01
 3.34633566e+03 2.17519041e+05 5.71141561e+06 8.48844694e+07
 8.86275111e+08 7.24309436e+09 4.93125189e+10 2.90984355e+11
 1.52890656e+12 7.29262654e+12 3.20366869e+13 1.31064637e+14
 5.03730074e+14 1.83166253e+15 6.33778793e+15 2.09682633e+16"
"4.15084842e+08 4.12532742e+08 4.04645515e+08 3.91710424e+08
 3.74192582e+08 3.52708791e+08 3.27993482e+08 3.00859238e+08
 2.72154697e+08 2.42722726e+08 2.13361591e+08 1.84791479e+08
 1.57628199e+08 1.32365188e+08 1.09364292e+08 8.88550381e+07
 7.09415664e+07 5.56158443e+07 4.27755047e+07 3.24673630e+07
 2.44481292e+07 1.82022812e+07 1.33535096e+07 9.62543951e+06
 6.80031654e+06 4.69772775e+06 3.16530525e+06 2.07458525e+06
 1.31856022e+06 8.09777707e+05 4.78510848e+05 2.70681371e+05
 1.45660809e+05 7.39895346e+04 3.51388438e+04 1.54300149e+04
 6.18875017e+03 2.35676999e+03 9.00059330e+02 3.41412450e+02
 1.30203240e+02 7.62151100e+01 7.56101300e+01 7.91718200e+01
 8.30807400e+01 8.63451400e+01 8.70379100e+01 1.15219650e+02
 5.96184847e+03 3.45507586e+05 8.16473994e+06 1.14003188e+08
 1.14096795e+09 9.03800290e+09 6.00544685e+10 3.47463859e+11
 1.79598693e+12 8.44800804e+12 3.66676513e+13 1.48433611e+14
 5.65167357e+14 2.03791697e+15 6.99840682e+15 2.29957690e+16"
"5.29999687e+08 5.26788627e+08 5.16856324e+08 5.00559849e+08
 4.78477710e+08 4.51377710e+08 4.20175056e+08 3.85883742e+08
 3.49564600e+08 3.12273566e+08 2.75013473e+08 2.38692302e+08
 2.04090122e+08 1.71836181e+08 1.42396732e+08 1.16073347e+08
 9.30107177e+07 7.32123361e+07 5.65620407e+07 4.30240313e+07
 3.24713627e+07 2.42550313e+07 1.78684975e+07 1.29449348e+07
 9.19951530e+06 6.39844907e+06 4.34506450e+06 2.87349514e+06
 1.84529124e+06 1.14687792e+06 6.87185513e+05 3.95100206e+05
 2.16742424e+05 1.12652661e+05 5.49957861e+04 2.49584963e+04
 1.04003196e+04 4.02337176e+03 1.52239133e+03 5.83736800e+02
 2.16473060e+02 9.34447900e+01 7.45910100e+01 7.79929500e+01
 8.13117300e+01 8.45479900e+01 8.52023300e+01 1.83796960e+02
 1.06547735e+04 5.38054018e+05 1.15444038e+07 1.52012713e+08
 1.46122957e+09 1.12325864e+10 7.29010559e+10 4.13799234e+11
 2.10495091e+12 9.76734171e+12 4.18963402e+13 1.67849814e+14
 6.33239799e+14 2.26463239e+15 7.71933767e+15 2.51938640e+16"
"6.74675596e+08 6.70646404e+08 6.58172893e+08 6.37697820e+08
 6.09938958e+08 5.75849694e+08 5.36567624e+08 4.93354813e+08
 4.47533851e+08 4.00423998e+08 3.53281516e+08 3.07247732e+08
 2.63307629e+08 2.22260780e+08 1.84705418e+08 1.51035398e+08
 1.21448890e+08 9.59669148e+07 7.44592871e+07 5.67888607e+07
 4.29510520e+07 3.21789901e+07 2.37983452e+07 1.73223257e+07
 1.23786193e+07 8.66471757e+06 5.92734981e+06 3.95300193e+06
 2.56313797e+06 1.61085423e+06 9.77704587e+05 5.70640938e+05
 3.18617863e+05 1.69110156e+05 8.46549223e+04 3.95879539e+04
 1.71040902e+04 6.76420561e+03 2.56812531e+03 9.83885460e+02
 3.71157140e+02 1.38776620e+02 7.87143600e+01 7.59429600e+01
 7.97222700e+01 8.25977400e+01 8.31198000e+01 3.25925690e+02
 1.90774042e+04 8.23026819e+05 1.61564043e+07 2.01315392e+08
 1.86205798e+09 1.39060424e+10 8.82190586e+10 4.91517862e+11
 2.46160973e+12 1.12711098e+13 4.77902487e+13 1.89523313e+14
 7.08566777e+14 2.51355628e+15 8.50528590e+15 2.75746439e+16"
"8.56333724e+08 8.51291199e+08 8.35667555e+08 8.10010495e+08
 7.75208462e+08 7.32442429e+08 6.83122970e+08 6.28817006e+08
 5.71169267e+08 5.11823693e+08 4.52349726e+08 3.94177901e+08
 3.38548120e+08 2.86472933e+08 2.38716828e+08 1.95791342e+08
 1.57964641e+08 1.25283337e+08 9.76036399e+07 7.46845147e+07
 5.65933131e+07 4.25142410e+07 3.15554747e+07 2.30702948e+07
 1.65720756e+07 1.16699912e+07 8.03841251e+06 5.40336182e+06
 3.53540428e+06 2.24508234e+06 1.37907214e+06 8.16180200e+05
 4.63195577e+05 2.50618468e+05 1.28362662e+05 6.16944300e+04
 2.75434318e+04 1.12819368e+04 4.32894068e+03 1.64413095e+03
 6.28656980e+02 2.29899520e+02 9.76891100e+01 7.51122700e+01
 7.83003400e+01 8.08041800e+01 8.05531900e+01 5.97567510e+02
 3.33426641e+04 1.23856632e+06 2.23950450e+07 2.64880729e+08
 2.36146988e+09 1.71514467e+10 1.06431328e+11 5.82351632e+11
 2.87248469e+12 1.29820035e+13 5.44234477e+13 2.13682378e+14
 7.91818228e+14 2.78654136e+15 9.36117594e+15 3.01507989e+16"
"1.08383936e+09 1.07754462e+09 1.05802505e+09 1.02595663e+09
 9.82436515e+08 9.28924188e+08 8.67164576e+08 7.99098421e+08
 7.26766037e+08 6.52210757e+08 5.77388143e+08 5.04086272e+08
 4.33861344e+08 3.67991447e+08 3.07449815e+08 2.52897435e+08
 2.04693463e+08 1.62920810e+08 1.27423425e+08 9.78535030e+07
 7.42897193e+07 5.59476722e+07 4.16647573e+07 3.05875278e+07
 2.20797592e+07 1.56368034e+07 1.08410405e+07 7.34159508e+06
 4.84451810e+06 3.10645559e+06 1.92964469e+06 1.15689217e+06
 6.66524838e+05 3.67071954e+05 1.91993810e+05 9.46161951e+04
 4.35147906e+04 1.84699492e+04 7.22944245e+03 2.73636432e+03
 1.05001030e+03 3.91338770e+02 1.45522030e+02 7.98779000e+01
 7.60004500e+01 7.94445900e+01 7.72468900e+01 1.06853886e+03
 5.66348553e+04 1.83628544e+06 3.07640046e+07 3.46362140e+08
 2.98103198e+09 2.10776177e+10 1.28024304e+11 6.88262594e+11
 3.34484078e+12 1.49250834e+13 6.18769406e+13 2.40575252e+14
 8.83707614e+14 3.08556524e+15 1.02922450e+16 3.29355784e+16"
"1.36805375e+09 1.36021506e+09 1.33588802e+09 1.29590506e+09
 1.24161808e+09 1.17482670e+09 1.09768450e+09 1.01258967e+09
 9.22067229e+08 8.28650742e+08 7.34770708e+08 6.42656184e+08
 5.54254826e+08 4.71174876e+08 3.94650843e+08 3.25532769e+08
 2.64297369e+08 2.11077917e+08 1.65708748e+08 1.27779716e+08
 9.71813754e+07 7.33486100e+07 5.47921720e+07 4.03809039e+07
 2.92838807e+07 2.08499620e+07 1.45442447e+07 9.91863380e+06
 6.59749404e+06 4.26932560e+06 2.67988640e+06 1.62618110e+06
 9.50093887e+05 5.31867196e+05 2.83605402e+05 1.43005209e+05
 6.75899110e+04 2.96431001e+04 1.19245699e+04 4.55144590e+03
 1.73586004e+03 6.59990220e+02 2.38473630e+02 1.00022740e+02
 7.49636200e+01 7.76862000e+01 7.53730900e+01 1.85729646e+03
 9.37320822e+04 2.68533806e+06 4.19029997e+07 4.50234850e+08
 3.74643406e+09 2.58115480e+10 1.53555188e+11 8.11468432e+11
 3.88680295e+12 1.71280254e+13 7.02396892e+13 2.70468850e+14
 9.85005836e+14 3.41274650e+15 1.13040639e+16 3.59430313e+16"
"1.72225688e+09 1.71251863e+09 1.68227215e+09 1.63254036e+09
 1.56498541e+09 1.48182149e+09 1.38570072e+09 1.27957985e+09
 1.16657660e+09 1.04982497e+09 9.32338368e+08 8.16888468e+08
 7.05906211e+08 6.01409261e+08 5.04958158e+08 4.17641222e+08
 3.40086208e+08 2.72495073e+08 2.14696953e+08 1.66213737e+08
 1.26686658e+08 9.58175135e+07 7.17804854e+07 5.30931198e+07
 3.86703285e+07 2.76725320e+07 1.94156288e+07 1.33285519e+07
 8.93268387e+06 5.83029720e+06 3.69581205e+06 2.26809103e+06
 1.34250421e+06 7.63024467e+05 4.14169884e+05 2.13287518e+05
 1.03367123e+05 4.66991864e+04 1.94447575e+04 7.53766176e+03
 2.85436597e+03 1.09469881e+03 4.02802750e+02 1.48426260e+02
 7.98945600e+01 7.47038500e+01 8.68024100e+01 3.16133000e+03
 1.51528244e+05 3.87746841e+06 5.66202507e+07 5.81959061e+08
 4.68819036e+09 3.15009937e+10 1.83661426e+11 9.54473582e+11
 4.50740790e+12 1.96213148e+13 7.96080381e+13 3.03653360e+14
 1.09654003e+15 3.77033472e+15 1.24025082e+16 3.91879563e+16"
"2.16265452e+09 2.15058409e+09 2.11306433e+09 2.05134963e+09
 1.96747932e+09 1.86417192e+09 1.74468647e+09 1.61266049e+09
 1.47193496e+09 1.32637778e+09 1.17971622e+09 1.03538817e+09
 8.96419830e+08 7.65335261e+08 6.44100697e+08 5.34103725e+08
 4.36165159e+08 3.50579324e+08 2.77176941e+08 2.15403888e+08
 1.64631090e+08 1.24742987e+08 9.36929941e+07 6.95362931e+07
 5.08547359e+07 3.65660275e+07 2.57966705e+07 1.78201009e+07
 1.20281151e+07 7.91447257e+06 5.06348422e+06 3.14043567e+06
 1.88161312e+06 1.08462321e+06 5.98516512e+05 3.14265011e+05
 1.55854892e+05 7.23580121e+04 3.11297900e+04 1.23038661e+04
 4.67849589e+03 1.79383795e+03 6.76570910e+02 2.41500030e+02
 1.00036830e+02 7.17811400e+01 1.28734550e+02 5.29343130e+03
 2.39815853e+05 5.53338455e+06 7.59285401e+07 7.48155398e+08
 5.84241983e+09 3.83173817e+10 2.19070560e+11 1.12008952e+12
 5.21671031e+12 2.24386135e+13 9.00873289e+13 3.40441614e+14
 1.21919477e+15 4.16072375e+15 1.35937842e+16 4.26857958e+16"
"2.70898558e+09 2.69405763e+09 2.64761933e+09 2.57120582e+09
 2.46731413e+09 2.33927513e+09 2.19108541e+09 2.02721052e+09
 1.85237235e+09 1.67133400e+09 1.48869519e+09 1.30871001e+09
 1.13513613e+09 9.71122463e+08 8.19138661e+08 6.80946934e+08
 5.57613703e+08 4.49556070e+08 3.56616259e+08 2.78155990e+08
 2.13241293e+08 1.61867690e+08 1.21870639e+08 9.07351900e+07
 6.66150051e+07 4.81153525e+07 3.41213987e+07 2.37108285e+07
 1.61123183e+07 1.06831814e+07 6.89454822e+06 4.31876127e+06
 2.61727341e+06 1.52865928e+06 8.56560517e+05 4.57905153e+05
 2.31963402e+05 1.10437335e+05 4.89544508e+04 1.99727407e+04
 7.66712403e+03 2.91587887e+03 1.11556788e+03 4.04325300e+02
 1.48211080e+02 7.41709800e+01 2.13482050e+02 8.81174853e+03
 3.72302923e+05 7.81048394e+06 1.01091670e+08 9.56826532e+08
 7.25177255e+09 4.64593277e+10 2.60610922e+11 1.31147635e+12
 6.02586404e+12 2.56166432e+13 1.01792094e+14 3.81171117e+14
 1.35391884e+15 4.58646220e+15 1.48844567e+16 4.64528043e+16"
"3.38524840e+09 3.36682615e+09 3.30947352e+09 3.21506553e+09
 3.08665368e+09 2.92831097e+09 2.74492860e+09 2.54197749e+09
 2.32525033e+09 2.10060005e+09 1.87369057e+09 1.64977377e+09
 1.43350425e+09 1.22880007e+09 1.03875393e+09 8.65595531e+08
 7.10702381e+08 5.74653162e+08 4.57315620e+08 3.57959363e+08
 2.75383461e+08 2.09389862e+08 1.57994079e+08 1.17978013e+08
 8.69315789e+07 6.30594516e+07 4.49402259e+07 3.14047971e+07
 2.14771221e+07 1.43436547e+07 9.33323655e+06 5.90127897e+06
 3.61478890e+06 2.13743736e+06 1.21487712e+06 6.60364870e+05
 3.41151061e+05 1.66236624e+05 7.57275622e+04 3.19141496e+04
 1.24647303e+04 4.72561246e+03 1.81548282e+03 6.76934680e+02
 2.38815750e+02 9.43054000e+01 3.67353120e+02 1.46543707e+04
 5.67933352e+05 1.09125254e+07 1.33679631e+08 1.21760855e+09
 8.96637458e+09 5.61557409e+10 3.09224696e+11 1.53217618e+12
 6.94726713e+12 2.91958520e+13 1.14846715e+14 4.26205766e+14
 1.50172546e+15 5.05025063e+15 1.62814393e+16 5.05060287e+16"
"4.22056808e+09 4.19788099e+09 4.12719724e+09 4.01080266e+09
 3.85241914e+09 3.65701764e+09 3.43057250e+09 3.17977309e+09
 2.91171137e+09 2.63356459e+09 2.35229209e+09 2.07436317e+09
 1.80552987e+09 1.55065489e+09 1.31360007e+09 1.09717675e+09
 9.03154841e+08 7.32323861e+08 5.84596394e+08 4.59142619e+08
 3.54543736e+08 2.70047102e+08 2.04176930e+08 1.52881044e+08
 1.13036615e+08 8.23294853e+07 5.89488020e+07 4.14145921e+07
 2.84946114e+07 1.91611935e+07 1.25651661e+07 8.01523432e+06
 4.95935874e+06 2.96652631e+06 1.70874369e+06 9.43320463e+05
 4.96263839e+05 2.47064198e+05 1.15431609e+05 5.01370114e+04
 2.00369529e+04 7.64352164e+03 2.92572279e+03 1.11342827e+03
 3.97268230e+02 1.42221400e+02 6.42315720e+02 2.43341067e+04
 8.52568994e+05 1.51012798e+07 1.75627729e+08 1.54206482e+09
 1.10449533e+10 6.76700455e+10 3.65978753e+11 1.78615009e+12
 7.99457116e+12 3.32203999e+13 1.29386218e+14 4.75936763e+14
 1.66370367e+15 5.55498731e+15 1.77921000e+16 5.48633234e+16"
"5.25023059e+09 5.22234786e+09 5.13541141e+09 4.99220272e+09
 4.79725297e+09 4.55661766e+09 4.27758031e+09 3.96830436e+09
 3.63745544e+09 3.29381709e+09 2.94592266e+09 2.60172385e+09
 2.26831273e+09 1.95170959e+09 1.65672346e+09 1.38688728e+09
 1.14446408e+09 9.30516368e+08 7.45027713e+08 5.87062734e+08
 4.54951214e+08 3.47263953e+08 2.63051118e+08 1.97468124e+08
 1.46475621e+08 1.07095948e+08 7.70237265e+07 5.43885930e+07
 3.76370083e+07 2.54742196e+07 1.68284317e+07 1.08246832e+07
 6.76155153e+06 4.08869890e+06 2.38470497e+06 1.33566702e+06
 7.14635798e+05 3.62918452e+05 1.73582426e+05 7.75065078e+04
 3.19556348e+04 1.23500697e+04 4.68519517e+03 1.80082884e+03
 6.61717650e+02 2.30544500e+02 1.11498840e+03 4.05749070e+04
 1.26113620e+06 2.07107024e+07 2.29313638e+08 1.94398730e+09
 1.35561479e+10 8.13046632e+10 4.32079298e+11 2.07782357e+12
 9.18288212e+12 3.77386438e+13 1.45556815e+14 5.30788183e+14
 1.84100819e+15 6.10368977e+15 1.94240857e+16 5.95436713e+16"
"6.51691417e+09 6.48271328e+09 6.37599818e+09 6.20014740e+09
 5.96066742e+09 5.66492151e+09 5.32177290e+09 4.94116533e+09
 4.53366714e+09 4.11000665e+09 3.68062621e+09 3.25527918e+09
 2.84269063e+09 2.45029632e+09 2.08406909e+09 1.74843464e+09
 1.44627340e+09 1.17899908e+09 9.46701014e+08 7.48334103e+08
 5.81939250e+08 4.45354720e+08 3.37923584e+08 2.54269293e+08
 1.89181072e+08 1.38825355e+08 1.00267542e+08 7.11443851e+07
 4.95023339e+07 3.37129165e+07 2.24270510e+07 1.45404220e+07
 9.16445202e+06 5.59867188e+06 3.30390316e+06 1.87571286e+06
 1.01949567e+06 5.27373850e+05 2.57782393e+05 1.18066844e+05
 5.01785057e+04 1.96940832e+04 7.49427997e+03 2.87826484e+03
 1.08529564e+03 3.84846910e+02 1.87991918e+03 6.65992895e+04
 1.84031725e+06 2.81641646e+07 2.97646799e+08 2.43979433e+09
 1.65799420e+10 9.74059075e+10 5.08887602e+11 2.41213944e+12
 1.05288259e+13 4.28033154e+13 1.63517697e+14 5.91209052e+14
 2.03486535e+15 6.69956700e+15 2.11854181e+16 6.45662450e+16"
"8.07215363e+09 8.03028301e+09 7.89954076e+09 7.68402349e+09
 7.39041118e+09 7.02764140e+09 6.60648049e+09 6.13901873e+09
 5.63812107e+09 5.11686648e+09 4.58800837e+09 4.06348582e+09
 3.55400997e+09 3.06874397e+09 2.61508722e+09 2.19856718e+09
 1.82283467e+09 1.48975245e+09 1.19956139e+09 9.51105500e+08
 7.42095261e+08 5.69526759e+08 4.32873238e+08 3.26431453e+08
 2.43565751e+08 1.79352950e+08 1.30061722e+08 9.27104585e+07
 6.48451978e+07 4.44228368e+07 2.97485368e+07 1.94324562e+07
 1.23521956e+07 7.61931962e+06 4.54621817e+06 2.61396602e+06
 1.44179483e+06 7.58733471e+05 3.78429045e+05 1.77480842e+05
 7.75792138e+04 3.12725518e+04 1.19638517e+04 4.57384281e+03
 1.74875157e+03 6.40524140e+02 3.09410275e+03 1.06977816e+05
 2.65193874e+06 3.79948692e+07 3.84165866e+08 3.04895860e+09
 2.02093918e+10 1.16369891e+11 5.97936688e+11 2.79457747e+12
 1.20507138e+13 4.84720229e+13 1.83439309e+14 6.57684157e+14
 2.24658803e+15 7.34602410e+15 2.30846057e+16 6.99514077e+16"
"9.97807920e+09 9.92691402e+09 9.76703358e+09 9.50339675e+09
 9.14409325e+09 8.69995293e+09 8.18403107e+09 7.61100192e+09
 6.99649801e+09 6.35643460e+09 5.70635824e+09 5.06085474e+09
 4.43304633e+09 3.83419988e+09 3.27345978e+09 2.75770960e+09
 2.29155849e+09 1.87744022e+09 1.51580677e+09 1.20539439e+09
 9.43537415e+08 7.26505456e+08 5.53045308e+08 4.17883532e+08
 3.12632765e+08 2.30967182e+08 1.68134080e+08 1.20376616e+08
 8.46157754e+07 5.82928301e+07 3.92843636e+07 2.58449993e+07
 1.65611360e+07 1.03093170e+07 6.21558216e+06 3.61672164e+06
 2.02254494e+06 1.08153075e+06 5.49641490e+05 2.63525583e+05
 1.18199774e+05 4.90891860e+04 1.90630033e+04 7.23365964e+03
 2.78576578e+03 1.05543615e+03 5.00117926e+03 1.68462042e+05
 3.77711214e+06 5.08705934e+07 4.93155633e+08 3.79452604e+09
 2.45521170e+10 1.38647782e+11 7.00949468e+11 3.23122784e+12
 1.37686604e+13 5.48075108e+13 2.05506421e+14 7.30731352e+14
 2.47756430e+15 8.04663590e+15 2.51305003e+16 7.57204514e+16"
"1.23094788e+10 1.22470687e+10 1.20519108e+10 1.17299977e+10
 1.12911102e+10 1.07483490e+10 1.01175182e+10 9.41639764e+09
 8.66394967e+09 7.87950628e+09 7.08198397e+09 6.28916811e+09
 5.51710258e+09 4.77961139e+09 4.08796884e+09 3.45072381e+09
 2.87367386e+09 2.35997529e+09 1.91036810e+09 1.52348977e+09
 1.19624871e+09 9.24227964e+08 7.04700082e+08 5.33479734e+08
 4.00117935e+08 2.96517364e+08 2.16641196e+08 1.55756698e+08
 1.10006375e+08 7.61913714e+07 5.16565940e+07 3.42159107e+07
 2.20935391e+07 1.38727405e+07 8.44671094e+06 4.97050258e+06
 2.81578166e+06 1.52842566e+06 7.90457205e+05 3.86842676e+05
 1.77714329e+05 7.59405744e+04 2.99637138e+04 1.14143604e+04
 4.39180781e+03 1.70709768e+03 7.96785960e+03 2.60450539e+05
 5.32143539e+06 6.76226710e+07 6.29788183e+08 4.70358084e+09
 2.97324555e+10 1.64752090e+11 8.19863483e+11 3.72884156e+12
 1.57047669e+13 6.18776845e+13 2.29917649e+14 8.10904689e+14
 2.72927316e+15 8.80518720e+15 2.73324106e+16 8.18953711e+16"
"1.51562408e+10 1.50802482e+10 1.48424493e+10 1.44500746e+10
 1.39149300e+10 1.32528377e+10 1.24828976e+10 1.16266166e+10
 1.07069568e+10 9.74735971e+09 8.77080108e+09 7.79892754e+09
 6.85131706e+09 5.94489613e+09 5.09353354e+09 4.30781841e+09
 3.59501782e+09 2.95919813e+09 2.40148584e+09 1.92043679e+09
 1.51247962e+09 1.17239838e+09 8.95733614e+08 6.79272398e+08
 5.10649654e+08 3.79542484e+08 2.78266584e+08 2.00864883e+08
 1.42509790e+08 9.92094945e+07 6.76504865e+07 4.51003406e+07
 2.93343035e+07 1.85712071e+07 1.14132798e+07 6.78786188e+06
 3.89236125e+06 2.14268771e+06 1.12638913e+06 5.61885907e+05
 2.63972404e+05 1.15817949e+05 4.69632944e+04 1.80381400e+04
 6.87558125e+03 2.71469567e+03 1.26117561e+04 3.95905410e+05
 7.42129540e+06 8.92808081e+07 8.00286254e+08 5.80793661e+09
 3.58936918e+10 1.95264295e+11 9.56841420e+11 4.29488851e+12
 1.78832512e+13 6.97563638e+13 2.56887124e+14 8.98795996e+14
 3.00328045e+15 9.62565891e+15 2.97000884e+16 8.84991767e+16"
"1.86262438e+10 1.85338710e+10 1.82446123e+10 1.77671780e+10
 1.71157963e+10 1.63095453e+10 1.53714715e+10 1.43275475e+10
 1.32055328e+10 1.20338039e+10 1.08402185e+10 9.65107529e+09
 8.49021981e+09 7.37833580e+09 6.33244625e+09 5.36563435e+09
 4.48697923e+09 3.70168884e+09 3.01140133e+09 2.41461876e+09
 1.90723266e+09 1.48309980e+09 1.13581387e+09 8.62702508e+08
 6.49963758e+08 4.84428280e+08 3.56343052e+08 2.58208479e+08
 1.83990833e+08 1.28714476e+08 8.82530570e+07 5.91992612e+07
 3.87722760e+07 2.47388579e+07 1.53385707e+07 9.21441883e+06
 5.34478979e+06 2.98131995e+06 1.59141014e+06 8.08154815e+05
 3.87689319e+05 1.74284692e+05 7.27073343e+04 2.83203834e+04
 1.07692693e+04 4.26657920e+03 1.98327178e+04 5.92482629e+05
 1.02514911e+07 1.17113426e+08 1.01208236e+09 7.14482660e+09
 4.32005480e+10 2.30842603e+11 1.11429985e+12 4.93761943e+12
 2.03305315e+13 7.85235460e+13 2.86644753e+14 9.95036517e+14
 3.30124612e+15 1.05122422e+16 3.22437154e+16 9.55557681e+16"
"2.28487711e+10 2.27366744e+10 2.23854092e+10 2.18054520e+10
 2.10139240e+10 2.00337941e+10 1.88928268e+10 1.76223380e+10
 1.62558331e+10 1.48276057e+10 1.33713756e+10 1.19190374e+10
 1.04995814e+10 9.13823362e+09 7.85584431e+09 6.66853892e+09
 5.58762532e+09 4.61973775e+09 3.76718425e+09 3.02845510e+09
 2.39884446e+09 1.87113595e+09 1.43668111e+09 1.09297766e+09
 8.25137359e+08 6.16601771e+08 4.55002662e+08 3.30904479e+08
 2.36771595e+08 1.66415192e+08 1.14703326e+08 7.73961634e+07
 5.10266250e+07 3.28008656e+07 2.05086054e+07 1.24379429e+07
 7.29324377e+06 4.11904167e+06 2.23050954e+06 1.15178029e+06
 5.63429184e+05 2.59104779e+05 1.11046024e+05 4.39945819e+04
 1.67789788e+04 6.66561357e+03 3.12152561e+04 8.73969666e+05
 1.40346696e+07 1.52675688e+08 1.27404364e+09 8.75777030e+09
 5.18421646e+10 2.72230893e+11 1.29493393e+12 5.66616929e+12
 2.30754509e+13 8.82657733e+13 3.19437533e+14 1.10030268e+15
 3.62494875e+15 1.14694147e+16 3.49740598e+16 1.03089944e+17"
"2.79785408e+10 2.78427297e+10 2.74168618e+10 2.67135199e+10
 2.57532751e+10 2.45637387e+10 2.31783082e+10 2.16346839e+10
 1.99732425e+10 1.82353623e+10 1.64617915e+10 1.46911455e+10
 1.29586068e+10 1.12948828e+10 9.72545975e+09 8.27016616e+09
 6.94304425e+09 5.75250387e+09 4.70172188e+09 3.78923701e+09
 3.00968391e+09 2.35460791e+09 1.81330443e+09 1.38153282e+09
 1.04492238e+09 7.82765869e+08 5.79352923e+08 4.22812289e+08
 3.03740001e+08 2.14442744e+08 1.48551736e+08 1.00801727e+08
 6.68787985e+07 4.32966844e+07 2.72881735e+07 1.66996543e+07
 9.89317597e+06 5.65336866e+06 3.10298415e+06 1.62759116e+06
 8.10860770e+05 3.80918706e+05 1.67387223e+05 6.81070793e+04
 2.62378766e+04 1.03427567e+04 4.90459053e+04 1.27208814e+06
 1.90523123e+07 1.97865408e+08 1.59671144e+09 1.06972965e+10
 6.20342397e+10 3.20268757e+11 1.50174359e+12 6.49054661e+12
 2.61494788e+13 9.90766194e+13 3.55531805e+14 1.21531176e+15
 3.97622970e+15 1.25017558e+16 3.79022772e+16 1.11128000e+17"
"3.42004562e+10 3.40361743e+10 3.35206808e+10 3.26690658e+10
 3.15060098e+10 3.00646556e+10 2.83851171e+10 2.65127118e+10
 2.44960225e+10 2.23848978e+10 2.02285002e+10 1.80735045e+10
 1.59625343e+10 1.39329016e+10 1.20156969e+10 1.02352478e+10
 8.60894313e+09 7.14739556e+09 5.85489969e+09 4.73012646e+09
 3.76698836e+09 2.95560612e+09 2.28331005e+09 1.74217293e+09
 1.32004528e+09 9.91172933e+08 7.35699837e+08 5.38711456e+08
 3.88475827e+08 2.75447394e+08 1.91733551e+08 1.30807240e+08
 8.73119585e+07 5.69086707e+07 3.61412292e+07 2.23082247e+07
 1.33449827e+07 7.71093486e+06 4.28655372e+06 2.28171100e+06
 1.15635336e+06 5.54172262e+05 2.49213952e+05 1.04185740e+05
 4.06540873e+04 1.60350676e+04 7.73265446e+04 1.82874457e+06
 2.56584278e+07 2.54987276e+08 1.99257178e+09 1.30220014e+10
 7.40229346e+10 3.75897934e+11 1.73806250e+12 7.42176092e+12
 2.95868720e+13 1.11057382e+14 3.95210698e+14 1.34082321e+15
 4.35705422e+15 1.36141305e+16 4.10398452e+16 1.19696444e+17"
"4.17351996e+10 4.15367853e+10 4.09137723e+10 3.98842319e+10
 3.84777325e+10 3.67339997e+10 3.47011441e+10 3.24335596e+10
 2.99896157e+10 2.74292733e+10 2.48117539e+10 2.21933833e+10
 1.96257127e+10 1.71539987e+10 1.48160960e+10 1.26417871e+10
 1.06525474e+10 8.86171381e+09 7.27500871e+09 5.89134883e+09
 4.70386347e+09 3.70103933e+09 2.86791294e+09 2.19222739e+09
 1.66378948e+09 1.25199304e+09 9.31815525e+08 6.84495968e+08
 4.95410776e+08 3.52719358e+08 2.46658065e+08 1.69150422e+08
 1.13559854e+08 7.44972806e+07 4.76560418e+07 2.96571612e+07
 1.79059553e+07 1.04556066e+07 5.88260863e+06 3.17492861e+06
 1.63507320e+06 7.98391108e+05 3.66906146e+05 1.57377177e+05
 6.24957524e+04 2.47688930e+04 1.20831776e+05 2.59880220e+06
 3.42951650e+07 3.26828363e+08 2.47632476e+09 1.57996854e+10
 8.80884093e+10 4.40175745e+11 2.00760023e+12 8.47189537e+12
 3.34248662e+13 1.24317141e+14 4.38777737e+14 1.47764525e+15
 4.76948588e+15 1.48116237e+16 4.43989096e+16 1.28822730e+17"
"5.08458116e+10 5.06065346e+10 4.98547160e+10 4.86119677e+10
 4.69136644e+10 4.48073552e+10 4.23506598e+10 3.96087726e+10
 3.66517190e+10 3.35515164e+10 3.03793949e+10 2.72032195e+10
 2.40852374e+10 2.10802464e+10 1.82342511e+10 1.55836360e+10
 1.31548554e+10 1.09646054e+10 9.02042052e+09 7.32161465e+09
 5.86047714e+09 4.62362629e+09 3.59342695e+09 2.75271557e+09
 2.09229918e+09 1.57768621e+09 1.17725249e+09 8.67433299e+08
 6.30015952e+08 4.50332695e+08 3.16318680e+08 2.17999899e+08
 1.47167605e+08 9.71444765e+07 6.25758089e+07 3.92467454e+07
 2.39050869e+07 1.40985072e+07 8.02290445e+06 4.38698803e+06
 2.29363576e+06 1.13979336e+06 5.34595251e+05 2.34844663e+05
 9.56853843e+04 3.82624046e+04 1.85689055e+05 3.65351606e+06
 4.55121306e+07 4.16745483e+08 3.06526861e+09 1.91086136e+10
 1.04548834e+11 5.14286738e+11 2.31444484e+12 9.65418959e+12
 3.77040793e+13 1.38973025e+14 4.86556225e+14 1.62663494e+15
 5.21570415e+15 1.60995588e+16 4.79919664e+16 1.38535633e+17"
"6.18454219e+10 6.15572910e+10 6.06513777e+10 5.91534927e+10
 5.71058998e+10 5.45654343e+10 5.16010089e+10 4.82906538e+10
 4.47182578e+10 4.09701939e+10 3.71320085e+10 3.32853445e+10
 2.95052443e+10 2.58579473e+10 2.23992613e+10 1.91735468e+10
 1.62133115e+10 1.35393815e+10 1.11615784e+10 9.07981207e+09
 7.28548310e+09 5.76308027e+09 4.49186309e+09 3.44893078e+09
 2.62548456e+09 1.98356894e+09 1.48373503e+09 1.09645328e+09
 7.99032799e+08 5.73319560e+08 4.04425880e+08 2.80051232e+08
 1.90064647e+08 1.26206966e+08 8.18373293e+07 5.17107772e+07
 3.17618890e+07 1.89105487e+07 1.08778775e+07 6.02193463e+06
 3.19350762e+06 1.61336162e+06 7.71363673e+05 3.46437042e+05
 1.44859431e+05 5.86306387e+04 2.80917582e+05 5.08470212e+06
 5.99884160e+07 5.28765588e+08 3.77969548e+09 2.30389344e+10
 1.23765590e+11 5.99555158e+11 2.66311712e+12 1.09831271e+13
 4.24683183e+13 1.55150841e+14 5.38891941e+14 1.78870010e+15
 5.69800008e+15 1.74835086e+16 5.18320995e+16 1.48864528e+17"
"7.51063219e+10 7.47598611e+10 7.36698449e+10 7.18670579e+10
 6.94019276e+10 6.63422978e+10 6.27704765e+10 5.87797286e+10
 5.44704117e+10 4.99459690e+10 4.53089914e+10 4.06575504e+10
 3.60819732e+10 3.16621987e+10 2.74658088e+10 2.35467818e+10
 1.99449709e+10 1.66862660e+10 1.37833608e+10 1.12370190e+10
 9.03771604e+09 7.16752185e+09 5.60209417e+09 4.31266057e+09
 3.28782277e+09 2.48835855e+09 1.86564092e+09 1.38252489e+09
 1.01075770e+09 7.27885430e+08 5.15567404e+08 3.58649385e+08
 2.44652653e+08 1.63380995e+08 1.06617820e+08 6.78495822e+07
 4.20092081e+07 2.52382489e+07 1.46670533e+07 8.21499102e+06
 4.41537644e+06 2.26553341e+06 1.10287559e+06 5.05739989e+05
 2.16739730e+05 8.92489283e+04 4.18761748e+05 7.00978008e+06
 7.85589958e+07 6.67695950e+08 4.64331952e+09 2.76937510e+10
 1.46145401e+11 6.97462320e+11 3.05860581e+12 1.24745805e+13
 4.77649926e+13 1.72985865e+14 5.96153086e+14 1.96480197e+15
 6.21878430e+15 1.89692915e+16 5.59328562e+16 1.59839999e+17"
