"  1.        2.36902   4.60505   6.92203   9.26394  11.61791  13.97945
  16.34665  18.7186   21.09482  23.47508  25.85925  28.24728  30.63914
  33.03486  35.43446  37.83796  40.24542  42.65688  45.07237  47.49194
  49.91564  52.34351  54.77558  57.21191  59.65252  62.09745  64.54675
  67.00044  69.45855  71.92112  74.38818  76.85975  79.33586  81.81654
  84.30181  86.7917   89.28622  91.7854   94.28926  96.79781  99.31108
 101.82908 104.35182 106.87934 109.41163 111.94871 114.4906  117.0373
 119.58884 122.14522 124.70646 127.27255 129.84352 132.41937 135.00011
 137.58575 140.1763  142.77176 145.37214 147.97745 150.58769 153.20287
 155.82299"
"  1.00483   2.76995   5.03749   7.36249   9.7072   12.06215  14.42387
  16.79084  19.16231  21.53792  23.91745  26.30082  28.68799  31.07897
  33.47377  35.87243  38.27498  40.68147  43.09194  45.50644  47.92502
  50.34772  52.77458  55.20565  57.64097  60.08057  62.5245   64.97278
  67.42546  69.88257  72.34413  74.81019  77.28076  79.75587  82.23555
  84.71982  87.20871  89.70224  92.20043  94.7033   97.21086  99.72315
 102.24017 104.76193 107.28847 109.81978 112.35589 114.89681 117.44255
 119.99312 122.54854 125.10881 127.67395 130.24396 132.81885 135.39864
 137.98333 140.57293 143.16744 145.76687 148.37124 150.98053 153.59477
 156.21396"
"  1.21944   3.19002   5.47468   7.80449  10.151    12.50658  14.86837
  17.23508  19.60609  21.9811   24.35994  26.74254  29.1289   31.51901
  33.91291  36.31065  38.71226  41.11778  43.52728  45.9408   48.35839
  50.78009  53.20595  55.63601  58.07032  60.50891  62.95183  65.3991
  67.85077  70.30687  72.76742  75.23247  77.70203  80.17614  82.65481
  85.13808  87.62597  90.11851  92.6157   95.11757  97.62415 100.13544
 102.65148 105.17226 107.69781 110.22815 112.76328 115.30322 117.84799
 120.39759 122.95204 125.51135 128.07552 130.64457 133.2185  135.79733
 138.38107 140.96971 143.56327 146.16175 148.76517 151.37352 153.98682
 156.60506"
"  1.53801   3.61824   5.91412   8.24728  10.59507  12.95109  15.31287
  17.67932  20.04989  22.42432  24.8025   27.18437  29.56993  31.9592
  34.35223  36.74906  39.14974  41.55433  43.96287  46.37541  48.79201
  51.21272  53.63758  56.06664  58.49994  60.93752  63.37943  65.82569
  68.27634  70.73143  73.19097  75.655    78.12355  80.59665  83.07432
  85.55659  88.04347  90.535    93.0312   95.53207  98.03765 100.54796
 103.063   105.58279 108.10736 110.63671 113.17086 115.70983 118.25362
 120.80224 123.35572 125.91405 128.47726 131.04534 133.61831 136.19618
 138.77896 141.36664 143.95925 146.55678 149.15924 151.76665 154.37899
 156.99629"
"  1.90485   4.05083   6.35486   8.69055  11.03931  13.39563  15.75736
  18.12353  20.49367  22.86755  25.24509  27.62625  30.01105  32.39951
  34.79169  37.18764  39.58741  41.99106  44.39865  46.81023  49.22586
  51.64558  54.06945  56.49751  58.9298   61.36638  63.80727  66.25252
  68.70216  71.15623  73.61476  76.07778  78.54532  81.0174   83.49406
  85.97532  88.4612   90.95172  93.44691  95.94679  98.45137 100.96067
 103.47472 105.99352 108.5171  111.04547 113.57863 116.11661 118.65942
 121.20707 123.75957 126.31693 128.87917 131.44628 134.01829 136.59519
 139.177   141.76373 144.35537 146.95195 149.55346 152.15991 154.7713
 157.38765"
"  2.29701   4.48614   6.79643   9.13413  11.48364  13.84017  16.2018
  18.56769  20.9374   23.31076  25.68768  28.06816  30.45222  32.8399
  35.23125  37.62633  40.02521  42.42795  44.83461  47.24524  49.6599
  52.07864  54.50152  56.92859  59.35989  61.79546  64.23534  66.67958
  69.12821  71.58126  74.03878  76.50078  78.96731  81.43838  83.91402
  86.39427  88.87914  91.36865  93.86284  96.36171  98.86529 101.37359
 103.88664 106.40445 108.92703 111.45441 113.98658 116.52358 119.0654
 121.61207 124.16359 126.71998 129.28123 131.84738 134.41841 136.99435
 139.57519 142.16095 144.75164 147.34726 149.94781 152.5533  155.16374
 157.77914"
"  2.70398   4.92331   7.23858   9.5779   11.928    14.28467  16.64619
  19.01178  21.38108  23.75393  26.13026  28.51008  30.89342  33.28033
  35.67088  38.06512  40.46313  42.86497  45.27071  47.6804   50.09411
  52.51188  54.93379  57.35987  59.79017  62.22474  64.66362  67.10685
  69.55447  72.00651  74.46301  76.924    79.3895   81.85956  84.33419
  86.81343  89.29728  91.78579  94.27896  96.77683  99.2794  101.78671
 104.29875 106.81556 109.33715 111.86353 114.39471 116.93072 119.47156
 122.01724 124.56778 127.12318 129.68346 132.24863 134.81869 137.39365
 139.97353 142.55833 145.14805 147.7427  150.34229 152.94683 155.55631
 158.17076"
"  3.12036   5.3618    7.68115  10.0218   12.37238  14.72913  17.09051
  19.45581  21.8247   24.19705  26.5728   28.95198  31.33463  33.7208
  36.11056  38.50398  40.90114  43.3021   45.70693  48.1157   50.52846
  52.94528  55.36622  57.79132  60.22063  62.6542   65.09208  67.53431
  69.98092  72.43195  74.88744  77.34741  79.8119   82.28095  84.75456
  87.23278  89.71563  92.20312  94.69528  97.19214  99.69371 102.2
 104.71105 107.22685 109.74744 112.27282 114.80302 117.33803 119.87788
 122.42257 124.97212 127.52654 130.08584 132.65003 135.21912 137.79311
 140.37201 142.95584 145.54459 148.13828 150.73691 153.34048 155.94901
 158.56249"
"  3.54307   5.80129   8.12401  10.46579  12.81675  15.17354  17.53475
  19.89975  22.26824  24.6401   27.0153   29.39386  31.77583  34.16128
  36.55027  38.94289  41.33921  43.73931  46.14325  48.55111  50.96294
  53.37882  55.79879  58.22292  60.65126  63.08384  65.52072  67.96195
  70.40755  72.85758  75.31205  77.77101  80.23449  82.70252  85.17512
  87.65232  90.13415  92.62064  95.11179  97.60763 100.10819 102.61348
 105.12352 107.63832 110.15791 112.68229 115.21148 117.7455  120.28436
 122.82806 125.37662 127.93006 130.48838 133.05158 135.61969 138.1927
 140.77063 143.35348 145.94127 148.53399 151.13165 153.73426 156.34183
 158.95436"
"  3.97026   6.24155   8.5671   10.90983  13.26109  15.61788  17.97891
  20.34361  22.7117   25.08308  27.45774  29.83569  32.21701  34.60175
  36.99     39.38184  41.77734  44.17659  46.57966  48.98661  51.39753
  53.81248  56.2315   58.65467  61.08203  63.51363  65.94953  68.38975
  70.83436  73.28337  75.73684  78.19479  80.65726  83.12427  85.59586
  88.07205  90.55286  93.03833  95.52847  98.0233  100.52285 103.02713
 105.53616 108.04996 110.56854 113.09192 115.62011 118.15314 120.69099
 123.23371 125.78128 128.33373 130.89106 133.45328 136.0204  138.59244
 141.16939 143.75127 146.33808 148.92983 151.52652 154.12817 156.73477
 159.34633"
"  4.40071   6.6824    9.01036  11.35389  13.70539  16.06215  18.42299
  20.78738  23.15508  25.52599  27.90011  30.27748  32.65815  35.04221
  37.42973  39.8208   42.2155   44.61392  47.01612  49.4222   51.83222
  54.24624  56.66432  59.08654  61.51293  63.94356  66.37847  68.81771
  71.26131  73.70933  76.16179  78.61873  81.08019  83.54619  86.01676
  88.49194  90.97174  93.45619  95.94532  98.43914 100.93767 103.44094
 105.94896 108.46175 110.97933 113.50171 116.0289  118.56092 121.09779
 123.6395  126.18608 128.73754 131.29388 133.85511 136.42126 138.99231
 141.56828 144.14918 146.73502 149.3258  151.92152 154.5222  157.12783
 159.73843"
"  4.83361   7.12373   9.45375  11.79796  14.14965  16.50634  18.86698
  21.23106  23.59836  25.96882  28.34242  30.71921  33.09926  35.48264
  37.86945  40.25977  42.65368  45.05128  47.45265  49.85785  52.26698
  54.68009  57.09724  59.51852  61.94396  64.37362  66.80755  69.2458
  71.68842  74.13543  76.58689  79.04283  81.50328  83.96827  86.43783
  88.91199  91.39078  93.87421  96.36233  98.85513 101.35266 103.85491
 106.36193 108.87371 111.39028 113.91165 116.43784 118.96886 121.50472
 124.04544 126.59103 129.14149 131.69684 134.25709 136.82224 139.39231
 141.9673  144.54723 147.13208 149.72189 152.31664 154.91634 157.52101
 160.13064"
"  5.2684    7.56544   9.89723  12.24202  14.59385  16.95046  19.31087
  21.67464  24.04155  26.41155  28.78464  31.16087  33.54031  35.92303
  38.30914  40.69873  43.09187  45.48867  47.88921  50.29356  52.7018
  55.11401  57.53025  59.95059  62.37508  64.80379  67.23675  69.67402
  72.11565  74.56168  77.01214  79.46707  81.92651  84.39049  86.85904
  89.33219  91.80997  94.29239  96.77949  99.27128 101.76779 104.26904
 106.77504 109.28582 111.80138 114.32174 116.84693 119.37695 121.91181
 124.45153 126.99612 129.54558 132.09994 134.6592  137.22337 139.79245
 142.36646 144.9454  147.52927 150.1181  152.71188 155.31061 157.91431
 160.52297"
"  5.70466   8.00746  10.34078  12.68606  15.03798  17.39449  19.75468
  22.11812  24.48465  26.8542   29.22679  31.60247  33.9813   36.36339
  38.74881  41.13767  43.53006  45.92607  48.32579  50.7293   53.13668
  55.548    57.96334  60.38275  62.80631  65.23406  67.66606  70.10236
  72.54301  74.98805  77.43751  79.89145  82.34989  84.81286  87.2804
  89.75254  92.2293   94.71072  97.1968   99.68758 102.18308 104.68331
 107.1883  109.69807 112.21262 114.73198 117.25616 119.78517 122.31903
 124.85775 127.40134 129.94981 132.50318 135.06144 137.62462 140.19271
 142.76573 145.34369 147.92659 150.51443 153.10723 155.70499 158.30772
 160.91541"
"  6.14209   8.44972  10.78437  13.13007  15.48205  17.83843  20.19838
  22.56151  24.92766  27.29676  29.66885  32.04399  34.42223  36.80369
  39.18844  41.5766   43.96824  46.36348  48.7624   51.16508  53.5716
  55.98205  58.39649  60.81499  63.23761  65.66442  68.09547  70.53081
  72.97048  75.41453  77.86301  80.31595  82.77339  85.23536  87.7019
  90.17303  92.64878  95.12918  97.61425 100.10402 102.59851 105.09773
 107.60171 110.11046 112.624   115.14235 117.66553 120.19353 122.72639
 125.26411 127.8067  130.35417 132.90654 135.46381 138.02599 140.5931
 143.16513 145.7421  148.32402 150.91088 153.5027  156.09949 158.70124
 161.30796"
"  6.58045   8.89218  11.22798  13.57403  15.92604  18.28229  20.64199
  23.0048   25.37056  27.73923  30.11083  32.48543  34.8631   37.24393
  39.62803  42.01549  44.40641  46.80088  49.19901  51.60087  54.00655
  56.41613  58.82969  61.24729  63.66899  66.09487  68.52497  70.95935
  73.39805  75.84113  78.28862  80.74057  83.19702  85.65799  88.12352
  90.59365  93.06839  95.54778  98.03184 100.5206  103.01407 105.51228
 108.01525 110.52299 113.03552 115.55286 118.07503 120.60203 123.13388
 125.6706  128.21218 130.75866 133.31003 135.86631 138.4275  140.99361
 143.56466 146.14064 148.72157 151.30745 153.89829 156.49409 159.09487
 161.70061"
"  7.01957   9.33479  11.6716   14.01795  16.36996  18.72605  21.0855
  23.44799  25.81336  28.1816   30.55272  32.92679  35.30389  37.68412
  40.06757  42.45434  44.84455  47.23827  49.63562  52.03668  54.44153
  56.85026  59.26294  61.67964  64.10044  66.52539  68.95455  71.38797
  73.82572  76.26783  78.71434  81.16531  83.62076  86.08073  88.54527
  91.01439  93.48813  95.96651  98.44956 100.9373  103.42977 105.92696
 108.42892 110.93565 113.44717 115.96351 118.48466 121.01066 123.5415
 126.07721 128.6178  131.16327 133.71364 136.26892 138.82912 141.39424
 143.96429 146.53929 149.11923 151.70413 154.29399 156.88881 159.48861
 162.09338"
"  7.45931   9.77754  12.11522  14.46181  16.8138   19.16972  21.52892
  23.89107  26.25607  28.62387  30.99452  33.36807  35.74461  38.12423
  40.50705  42.89315  45.28265  47.67564  50.07223  52.47249  54.87652
  57.28441  59.69622  62.11205  64.53194  66.95597  69.3842   71.81668
  74.25347  76.69461  79.14016  81.59014  84.04461  86.50359  88.96713
  91.43525  93.90798  96.38536  98.8674  101.35413 103.84559 106.34177
 108.84272 111.34844 113.85895 116.37427 118.89442 121.41941 123.94925
 126.48395 129.02354 131.56801 134.11738 136.67166 139.23086 141.79499
 144.36405 146.93805 149.51701 152.10092 154.68979 157.28364 159.88245
 162.48624"
"  7.89957  10.22038  12.55883  14.90562  17.25756  19.6133   21.97223
  24.33406  26.69867  29.06605  31.43622  33.80926  36.18525  38.56429
  40.94647  43.33192  45.72072  48.11299  50.50882  52.9083   55.31152
  57.71858  60.12954  62.54449  64.96349  67.38661  69.81392  72.24546
  74.6813   77.12149  79.56606  82.01507  84.46855  86.92655  89.38909
  91.85621  94.32795  96.80432  99.28536 101.77108 104.26153 106.7567
 109.25664 111.76135 114.27085 116.78516 119.3043  121.82828 124.35711
 126.89081 129.42939 131.97286 134.52123 137.07451 139.63272 142.19585
 144.76392 147.33693 149.9149  152.49782 155.08571 157.67857 160.2764
 162.87921"
"  8.34024  10.66329  13.00241  15.34936  17.70123  20.05678  22.41544
  24.77694  27.14117  29.50812  31.87783  34.25036  36.62581  39.00426
  41.38584  43.77063  46.15875  48.5503   50.94539  53.3441   55.74652
  58.15276  60.56287  62.97696  65.39508  67.8173   70.24369  72.67431
  75.10921  77.54844  79.99205  82.44009  84.8926   87.34961  89.81116
  92.27729  94.74802  97.22339  99.70343 102.18815 104.67758 107.17175
 109.67068 112.17438 114.68287 117.19617 119.7143  122.23727 124.7651
 127.29779 129.83537 132.37783 134.9252  137.47748 140.03469 142.59682
 145.1639  147.73592 150.31289 152.89483 155.48173 158.0736  160.67045
 163.27229"
"  8.78126  11.10627  13.44597  15.79303  18.14481  20.50017  22.85855
  25.21972  27.58357  29.9501   32.31934  34.69138  37.06628  39.44417
  41.82513  44.20929  46.59674  48.98758  51.38193  53.77988  56.18152
  58.58694  60.99623  63.40945  65.8267   68.24803  70.67352  73.10321
  75.53718  77.97546  80.41812  82.86519  85.31672  87.77276  90.23332
  92.69846  95.1682   97.64257 100.1216  102.60532 105.09375 107.58691
 110.08483 112.58752 115.095   117.60729 120.12442 122.64638 125.1732
 127.70488 130.24145 132.78292 135.32928 137.88056 140.43677 142.99791
 145.56398 148.13501 150.71099 153.29194 155.87785 158.46874 161.06461
 163.66546"
"  9.22256  11.54928  13.88948  16.23663  18.58831  20.94346  23.30156
  25.66239  28.02586  30.39197  32.76076  35.1323   37.50668  39.884
  42.26436  44.64788  47.03467  49.42482  51.81845  54.21565  56.61651
  59.02113  61.42959  63.84197  66.25835  68.6788   71.10338  73.53217
  75.9652   78.40255  80.84426  83.29037  85.74093  88.19599  90.65557
  93.11972  95.58847  98.06185 100.53988 103.02259 105.51002 108.00217
 110.49908 113.00077 115.50724 118.01853 120.53464 123.05559 125.58141
 128.11209 130.64765 133.18811 135.73347 138.28375 140.83896 143.3991
 145.96418 148.53421 151.1092  153.68915 156.27408 158.86398 161.45886
 164.05873"
"  9.6641   11.99231  14.33295  16.68016  19.03172  21.38665  23.74446
  26.10496  28.46805  30.83375  33.20208  35.57313  37.94698  40.32374
  42.70352  45.08642  47.47255  49.86202  52.25493  54.65138  57.05148
  59.45531  61.86295  64.2745   66.69002  69.1096   71.53329  73.96117
  76.39328  78.8297   81.27046  83.71562  86.16522  88.6193   91.07791
  93.54108  96.00884  98.48122 100.95825 103.43997 105.92639 108.41754
 110.91345 113.41412 115.91959 118.42987 120.94497 123.46492 125.98972
 128.5194  131.05396 133.59341 136.13777 138.68705 141.24125 143.80039
 146.36447 148.93351 151.50751 154.08647 156.6704  159.25931 161.85321
 164.45209"
" 10.10584  12.43536  14.77637  17.12361  19.47504  21.82974  24.18727
  26.54743  28.91014  31.27542  33.6433   36.01387  38.3872   40.76341
  43.1426   45.52489  47.91037  50.29916  52.69137  55.08709  57.48643
  59.88948  62.29632  64.70703  67.12171  69.54042  71.96323  74.3902
  76.82141  79.2569   81.69672  84.14093  86.58957  89.04269  91.50033
  93.96251  96.42929  98.90068 101.37672 103.85744 106.34286 108.83301
 111.32791 113.82758 116.33204 118.84131 121.35541 123.87435 126.39815
 128.92681 131.46037 133.99881 136.54217 139.09045 141.64365 144.20179
 146.76487 149.33291 151.90591 154.48388 157.06683 159.65475 162.24766
 164.84555"
" 10.54773  12.8784   15.21973  17.56698  19.91826  22.27273  24.62997
  26.98979  29.35213  31.71699  34.08443  36.45451  38.82733  41.203
  43.58161  45.96329  48.34813  50.73626  53.12777  55.52277  57.92136
  60.32363  62.72967  65.13957  67.55341  69.97126  72.39319  74.81928
  77.24957  79.68414  82.12303  84.5663   87.01399  89.46615  91.92282
  94.38403  96.84982  99.32023 101.79528 104.275   106.75942 109.24857
 111.74247 114.24114 116.74459 119.25286 121.76595 124.28388 126.80667
 129.33433 131.86688 134.40432 136.94667 139.49395 142.04615 144.60329
 147.16537 149.73242 152.30442 154.88139 157.46334 160.05028 162.6422
 165.23911"
" 10.98976  13.32144  15.66304  18.01027  20.36139  22.71562  25.07256
  27.43204  29.79401  32.15846  34.52545  36.89506  39.26737  41.6425
  44.02054  46.40162  48.78584  51.1733   53.56413  55.95841  58.35626
  60.75776  63.16302  65.57211  67.98511  70.40211  72.82318  75.24838
  77.67778  80.11143  82.5494   84.99173  87.43847  89.88968  92.34538
  94.80562  97.27043  99.73985 102.21391 104.69265 107.17607 109.66423
 112.15712 114.65479 117.15724 119.6645  122.17658 124.69351 127.21529
 129.74195 132.27349 134.80993 137.35128 139.89754 142.44874 145.00488
 147.56597 150.13201 152.70302 155.279   157.85996 160.4459  163.03683
 165.63275"
" 11.43189  13.76445  16.10628  18.45347  20.80443  23.15841  25.51506
  27.8742   30.23578  32.59982  34.96637  37.33551  39.70732  42.08191
  44.4594   46.83988  49.22347  51.61029  54.00043  56.39401  58.79113
  61.19188  63.59635  66.00464  68.41682  70.83298  73.25318  75.67751
  78.10601  80.53876  82.97581  85.41721  87.86301  90.31326  92.768
  95.22727  97.69111 100.15956 102.63263 105.11038 107.59281 110.07997
 112.57186 115.06853 117.56997 120.07623 122.58731 125.10323 127.62401
 130.14966 132.6802  135.21563 137.75597 140.30124 142.85144 145.40657
 147.96666 150.53171 153.10172 155.6767  158.25667 160.84162 163.43155
 166.02649"
" 11.8741   14.20744  16.54945  18.89659  21.24738  23.60111  25.95745
  28.31624  30.67745  33.04109  35.4072   37.77587  40.14718  42.52124
  44.89817  47.27806  49.66104  52.04721  54.43669  56.82957  59.22596
  61.62596  64.02966  66.43716  68.84852  71.26385  73.6832   76.10665
  78.53427  80.96612  83.40225  85.84273  88.28759  90.7369   93.19068
  95.64899  98.11186 100.57933 103.05143 105.52818 108.00963 110.49579
 112.98669 115.48235 117.9828  120.48805 122.99813 125.51305 128.03282
 130.55747 133.087   135.62143 138.16077 140.70503 143.25422 145.80836
 148.36745 150.93149 153.50051 156.0745  158.65347 161.23742 163.82637
 166.42032"
" 12.31637  14.6504   16.99256  19.33963  21.69022  24.0437   26.39973
  28.75819  31.11902  33.48225  35.84792  38.21612  40.58694  42.96049
  45.33686  47.71617  50.09854  52.48408  54.87289  57.26508  59.66075
  62.06001  64.46295  66.86966  69.28022  71.69472  74.11322  76.53581
  78.96255  81.39351  83.82873  86.26829  88.71223  91.16059  93.61342
  96.07077  98.53268 100.99917 103.47029 105.94606 108.42652 110.91169
 113.4016  115.89626 118.39571 120.89997 123.40904 125.92295 128.44172
 130.96536 133.49389 136.02731 138.56565 141.10891 143.6571  146.21024
 148.76832 151.33137 153.89939 156.47238 159.05035 161.63332 164.22127
 166.81423"
" 12.75868  15.09332  17.4356   19.78257  22.13297  24.48619  26.84192
  29.20003  31.56049  33.92331  36.28855  38.65629  41.02662  43.39964
  45.77547  48.15421  50.53597  52.92088  55.30903  57.70054  60.09551
  62.49404  64.89622  67.30215  69.71191  72.12558  74.54325  76.96499
  79.39085  81.82092  84.25525  86.69389  89.1369   91.58433  94.03622
  96.49261  98.95356 101.41908 103.88922 106.36402 108.84349 111.32767
 113.81658 116.31026 118.80871 121.31196 123.82003 126.33294 128.85071
 131.37335 133.90087 136.43329 138.97063 141.51288 144.06007 146.6122
 149.16929 151.73134 154.29836 156.87035 159.44733 162.0293  164.61626
 167.20823"
" 13.20103  15.53619  17.87856  20.22543  22.57563  24.92858  27.284
  29.64176  32.00185  34.36426  36.72907  39.09635  41.4662   43.83871
  46.21399  48.59216  50.97333  53.35761  55.74512  58.13595  60.53022
  62.92802  65.32945  67.73461  70.14358  72.55644  74.97328  77.39417
  79.81917  82.24836  84.68179  87.11952  89.56161  92.00811  94.45906
  96.9145   99.37449 101.83905 104.30822 106.78204 109.26053 111.74372
 114.23165 116.72433 119.22178 121.72404 124.23111 126.74302 129.25978
 131.78142 134.30794 136.83936 139.37569 141.91694 144.46313 147.01426
 149.57034 152.13139 154.69741 157.26841 159.84439 162.42537 165.01134
 167.60231"
" 13.6434   15.97902  18.32144  20.6682   23.01819  25.37086  27.72597
  30.08339  32.4431   34.80512  37.1695   39.53632  41.90568  44.27768
  46.65243  49.03004  51.41062  53.79428  56.18114  58.57131  60.96488
  63.36197  65.76266  68.16705  70.57524  72.9873   75.40331  77.82335
  80.2475   82.67581  85.10835  87.54518  89.98636  92.43193  94.88194
  97.33644  99.79547 102.25907 104.72728 107.20012 109.67763 112.15984
 114.64678 117.13847 119.63493 122.13619 124.64227 127.15318 129.66894
 132.18957 134.71509 137.24551 139.78083 142.32108 144.86627 147.4164
 149.97148 152.53153 155.09655 157.66655 160.24154 162.82152 165.4065
 167.99648"
" 14.08577  16.42179  18.76425  21.11088  23.46065  25.81305  28.16785
  30.52492  32.88425  35.24587  37.60982  39.97619  42.34507  44.71657
  47.09078  49.46783  51.84783  54.23088  56.61711  59.00661  61.3995
  63.79587  66.19583  68.59947  71.00687  73.41813  75.83333  78.25254
  80.67583  83.10327  85.53493  87.97087  90.41113  92.85578  95.30487
  97.75843 100.21651 102.67915 105.14639 107.61827 110.0948  112.57603
 115.06199 117.55269 120.04816 122.54842 125.0535  127.56341 130.07818
 132.59781 135.12232 137.65174 140.18606 142.72531 145.2695  147.81862
 150.37271 152.93176 155.49578 158.06478 160.63877 163.21775 165.80174
 168.39073"
" 14.52815  16.8645   19.20698  21.55346  23.90301  26.25514  28.60961
  30.96634  33.3253   35.68652  38.05004  40.41596  42.78437  45.15536
  47.52905  49.90555  52.28496  54.66741  57.05301  59.44186  61.83406
  64.22973  66.62896  69.03185  71.43849  73.84896  76.26334  78.68172
  81.10417  83.53075  85.96153  88.39658  90.83594  93.27967  95.72783
  98.18046 100.63759 103.09928 105.56556 108.03647 110.51203 112.99229
 115.47726 117.96697 120.46145 122.96072 125.46481 127.97372 130.48749
 133.00612 135.52964 138.05805 140.59137 143.12962 145.6728  148.22093
 150.77402 153.33206 155.89509 158.46309 161.03608 163.61407 166.19706
 168.78506"
" 14.97051  17.30716  19.64962  21.99596  24.34527  26.69712  29.05128
  31.40766  33.76625  36.12706  38.49017  40.85564  43.22357  45.59407
  47.96723  50.34318  52.72202  55.10387  57.48884  59.87704  62.26858
  64.66355  67.06206  69.46421  71.87008  74.27976  76.69334  79.1109
  81.53251  83.95823  86.38815  88.8223   91.26077  93.70359  96.15083
  98.60252 101.05872 103.51946 105.98479 108.45473 110.92932 113.4086
 115.89259 118.38132 120.87481 123.3731  125.87619 128.38411 130.89688
 133.41451 135.93703 138.46444 140.99676 143.53401 146.07619 148.62332
 151.1754  153.73245 156.29447 158.86148 161.43348 164.01047 166.59246
 169.17946"
" 15.41285  17.74975  20.09218  22.43836  24.78744  27.139    29.49284
  31.84888  34.20709  36.56751  38.93019  41.29521  43.66268  46.03268
  48.40533  50.78073  53.15901  55.54026  57.92461  60.31217  62.70304
  65.09732  67.49511  69.89652  72.30164  74.71055  77.12333  79.54007
  81.96084  84.38572  86.81477  89.24805  91.68562  94.12754  96.57386
  99.02463 101.47989 103.93968 106.40405 108.87304 111.34667 113.82497
 116.30799 118.79573 121.28824 123.78554 126.28764 128.79456 131.30634
 133.82298 136.34449 138.87091 141.40223 143.93848 146.47966 149.02578
 151.57687 154.13292 156.69394 159.25995 161.83095 164.40694 166.98794
 169.57395"
" 15.85516  18.19227  20.53466  22.88067  25.22951  27.58078  29.93431
  32.28999  34.64783  37.00785  39.37011  41.73469  44.10169  46.4712
  48.84333  51.2182   53.59591  55.97658  58.36032  60.74723  63.13744
  65.53104  67.92813  70.32881  72.73317  75.14131  77.5533   79.96923
  82.38918  84.81321  87.2414   89.6738   92.11049  94.55151  96.99692
  99.44676 101.90109 104.35995 106.82337 109.2914  111.76406 114.2414
 116.72344 119.21021 121.70174 124.19804 126.69915 129.20509 131.71587
 134.23151 136.75203 139.27745 141.80777 144.34302 146.8832  149.42833
 151.97841 154.53346 157.09349 159.6585  162.2285  164.8035  167.3835
 169.96852"
" 16.29744  18.63473  20.97705  23.32288  25.67147  28.02246  30.37566
  32.731    35.08847  37.44809  39.80993  42.17407  44.54061  46.90963
  49.28125  51.65558  54.03273  56.41282  58.79595  61.18224  63.57179
  65.9647   68.36109  70.76105  73.16467  75.57204  77.98325  80.39838
  82.8175   85.2407   87.66803  90.09957  92.53537  94.9755   97.42
  99.86893 102.32233 104.78025 107.24273 109.7098  112.18151 114.65788
 117.13895 119.62474 122.11529 124.61061 127.11074 129.61568 132.12547
 134.64012 137.15964 139.68406 142.21339 144.74763 147.28682 149.83094
 152.38003 154.93408 157.49311 160.05712 162.62612 165.20013 167.77914
 170.36316"
" 16.73969  19.07711  21.41936  23.765    26.11334  28.46404  30.81692
  33.17191  35.529    37.88823  40.24965  42.61336  44.97943  47.34797
  49.71908  52.09288  54.46948  56.84898  59.23151  61.61717  64.00607
  66.39832  68.79401  71.19325  73.59613  76.00275  78.41318  80.82751
  83.24582  85.66818  88.09467  90.52534  92.96027  95.39951  97.84311
 100.29112 102.7436  105.20059 107.66212 110.12825 112.599   115.07441
 117.55451 120.03933 122.5289  125.02324 127.52238 130.02634 132.53514
 135.04879 137.56732 140.09074 142.61907 145.15232 147.69051 150.23364
 152.78172 155.33477 157.8928  160.45582 163.02382 165.59683 168.17485
 170.75787"
" 17.18189  19.51942  21.86158  24.20703  26.55512  28.90552  31.25807
  33.61271  35.96943  38.32827  40.68928  43.05254  45.41815  47.78621
  50.15682  52.53009  54.90614  57.28507  59.66701  62.05205  64.4403
  66.83188  69.22689  71.62541  74.02756  76.43342  78.84308  81.25662
  83.67412  86.09566  88.52131  90.95112  93.38518  95.82353  98.26623
 100.71334 103.1649  105.62096 108.08156 110.54674 113.01654 115.49099
 117.97012 120.45397 122.94257 125.43593 127.93409 130.43706 132.94487
 135.45753 137.97507 140.49749 143.02483 145.55708 148.09427 150.6364
 153.18349 155.73554 158.29257 160.85459 163.4216  165.99361 168.57063
 171.15266"
" 17.62404  19.96166  22.30371  24.64895  26.99679  29.34689  31.69912
  34.05341  36.40976  38.7682   41.1288   43.49163  45.85678  48.22436
  50.59447  52.96722  55.34272  57.72109  60.10243  62.48685  64.87447
  67.26539  69.65971  72.05753  74.45895  76.86407  79.27296  81.68571
  84.10241  86.52313  88.94794  91.3769   93.81009  96.24757  98.68938
 101.13558 103.58623 106.04136 108.50103 110.96526 113.43411 115.90761
 118.38578 120.86867 123.35629 125.84867 128.34585 130.84784 133.35466
 135.86633 138.38288 140.90431 143.43065 145.96191 148.4981  151.03923
 153.58532 156.13638 158.69241 161.25343 163.81945 166.39046 168.96648
 171.54752"
" 18.06615  20.40382  22.74575  25.09079  27.43836  29.78817  32.14007
  34.49401  36.84999  39.20804  41.56822  43.93062  46.29532  48.66242
  51.03204  53.40427  55.77923  58.15703  60.53778  62.92159  65.30857
  67.69884  70.09248  72.4896   74.89031  77.29468  79.70281  82.11479
  84.53069  86.95059  89.37457  91.80269  94.23501  96.67161  99.11254
 101.55784 104.00758 106.46179 108.92053 111.38383 113.85173 116.32428
 118.80149 121.28341 123.77006 126.26147 128.75767 131.25867 133.76451
 136.2752  138.79075 141.31119 143.83654 146.3668  148.902   151.44213
 153.98723 156.53729 159.09232 161.65235 164.21736 166.78738 169.36241
 171.94245"
" 18.5082   20.8459   23.1877   25.53253  27.87983  30.22934  32.58092
  34.93451  37.29011  39.64777  42.00754  44.36951  46.73376  49.10039
  51.46951  53.84123  56.21565  58.59288  60.97305  63.35626  65.74262
  68.13223  70.5252   72.92163  75.32162  77.72525  80.13263  82.54383
  84.95894  87.37804  89.80119  92.22847  94.65994  97.09567  99.53571
 101.98012 104.42895 106.88225 109.34006 111.80243 114.26939 116.74098
 119.21724 121.6982  124.18388 126.67432 129.16954 131.66957 134.17442
 136.68412 139.19869 141.71814 144.24249 146.77176 149.30596 151.8451
 154.3892  156.93826 159.4923  162.05133 164.61535 167.18437 169.75841
 172.33745"
" 18.95019  21.2879   23.62957  25.97417  28.32121  30.67042  33.02166
  35.3749   37.73014  40.08741  42.44677  44.80831  47.17211  49.53827
  51.9069   54.2781   56.65198  59.02867  61.40826  63.79086  66.1766
  68.56556  70.95787  73.35361  75.75288  78.15579  80.56242  82.97285
  85.38718  87.80547  90.2278   92.65424  95.08486  97.51973  99.95889
 102.40241 104.85034 107.30273 109.75962 112.22106 114.68708 117.15773
 119.63303 122.11303 124.59775 127.08722 129.58147 132.08052 134.58439
 137.0931  139.60668 142.12515 144.64851 147.17678 149.70999 152.24814
 154.79124 157.33931 159.89235 162.45038 165.01341 167.58143 170.15447
 172.73253"
" 19.39211  21.72982  24.07134  26.41572  28.76249  31.11139  33.46231
  35.8152   38.17006  40.52694  42.88589  45.247    47.61036  49.97605
  52.34419  54.71488  57.08824  59.46437  61.84338  64.22539  66.61051
  68.99883  71.39048  73.78554  76.18411  78.58629  80.99218  83.40185
  85.81539  88.23288  90.6544   93.08001  95.50979  97.94379 100.38208
 102.82472 105.27175 107.72323 110.1792  112.63972 115.1048  117.57451
 120.04887 122.52791 125.01167 127.50017 129.99345 132.49152 134.99441
 137.50214 140.01474 142.53221 145.05458 147.58187 150.11408 152.65124
 155.19334 157.74042 160.29247 162.8495  165.41153 167.97856 170.5506
 173.12766"
" 19.83398  22.17166  24.51302  26.85717  29.20366  31.55226  33.90285
  36.25539  38.60988  40.96637  43.32492  45.68561  48.04851  50.41374
  52.7814   55.15158  57.52441  59.89999  62.27844  64.65986  67.04436
  69.43205  71.82303  74.21741  76.61529  79.01675  81.4219   83.83081
  86.24358  88.66028  91.08098  93.50577  95.93471  98.36786 100.80528
 103.24704 105.69318 108.14375 110.59881 113.0584  115.52256 117.99133
 120.46474 122.94283 125.42563 127.91316 130.40547 132.90257 135.40448
 137.91124 140.42285 142.93934 145.46072 147.98702 150.51824 153.0544
 155.59551 158.14159 160.69265 163.24869 165.80972 168.37576 170.94681
 173.52287"
" 20.27578  22.61341  24.95461  27.29852  29.64474  31.99303  34.34329
  36.69548  39.0496   41.40571  43.76385  46.12411  48.48657  50.85134
  53.21851  55.5882   57.9605   60.33554  62.71342  65.09425  67.47814
  69.8652   72.25553  74.64924  77.04642  79.44717  81.85158  84.25975
  86.67174  89.08765  91.50756  93.93152  96.35963  98.79192 101.22849
 103.66936 106.11462 108.56429 111.01845 113.47711 115.94034 118.40817
 120.88064 123.35778 125.83963 128.3262  130.81754 133.31367 135.81461
 138.32038 140.83101 143.34652 145.86692 148.39222 150.92245 153.45762
 155.99774 158.54283 161.09289 163.64793 166.20797 168.77302 171.34307
 173.91814"
" 20.71751  23.05509  25.3961   27.73978  30.08572  32.43371  34.78363
  37.13547  39.48923  41.84494  44.20268  46.56252  48.92454  51.28885
  53.65554  56.02472  58.39651  60.771    63.14832  65.52857  67.91185
  70.29829  72.68797  75.08101  77.47751  79.87755  82.28123  84.68865
  87.09988  89.51501  91.93411  94.35726  96.78453  99.21599 101.65169
 104.0917  106.53607 108.98485 111.4381  113.89585 116.35816 118.82505
 121.29658 123.77277 126.25367 128.73928 131.22966 133.72482 136.22478
 138.72958 141.23923 143.75375 146.27317 148.79748 151.32673 153.86091
 156.40004 158.94413 161.49319 164.04725 166.60629 169.17034 171.7394
 174.31348"
" 21.15917  23.49667  25.83751  28.18095  30.5266   32.87428  35.22387
  37.57536  39.92875  42.28408  44.64141  47.00083  49.36241  51.72626
  54.09248  56.46117  58.83243  61.20639  63.58315  65.96281  68.3455
  70.73131  73.12036  75.51273  77.90854  80.30788  82.71084  85.11752
  87.52799  89.94234  92.36065  94.78299  97.20944  99.64005 102.0749
 104.51404 106.95753 109.40542 111.85777 114.31461 116.77599 119.24196
 121.71255 124.1878  126.66774 129.15241 131.64182 134.13601 136.63501
 139.13883 141.6475  144.16104 146.67947 149.2028  151.73106 154.26425
 156.80239 159.34549 161.89356 164.44662 167.00467 169.56773 172.1358
 174.70888"
" 21.60076  23.93817  26.27882  28.62201  30.96739  33.31475  35.66402
  38.01515  40.36817  42.72312  45.08005  47.43905  49.80019  52.16359
  54.52933  56.89752  59.26827  61.6417   64.0179   66.39699  68.77908
  71.16427  73.55268  75.9444   78.33953  80.73817  83.14041  85.54635
  87.95607  90.36965  92.78717  95.2087   97.63433 100.06411 102.4981
 104.93638 107.379   109.826   112.27745 114.73339 117.19385 119.6589
 122.12856 124.60286 127.08186 129.56557 132.05402 134.54725 137.04528
 139.54813 142.05582 144.56838 147.08583 149.60818 152.13545 154.66765
 157.2048  159.74691 162.29399 164.84606 167.40312 169.96518 172.53225
 175.10435"
" 22.04227  24.37959  26.72004  29.06298  31.40807  33.75512  36.10406
  38.45484  40.80749  43.16206  45.51859  47.87717  50.23788  52.60082
  54.96608  57.33379  59.70403  62.07692  64.45257  66.83109  69.21259
  71.59717  73.98494  76.37601  78.77047  81.16841  83.56994  85.97515
  88.38412  90.79693  93.21366  95.6344   98.05921 100.48816 102.92131
 105.35873 107.80047 110.2466  112.69715 115.15218 117.61174 120.07586
 122.54459 125.01796 127.49601 129.97876 132.46626 134.95853 137.45559
 139.95747 142.46419 144.97578 147.49224 150.01361 152.53989 155.0711
 157.60727 160.14839 162.69448 165.24555 167.80162 170.36269 172.92877
 175.49987"
" 22.48371  24.82091  27.16117  29.50386  31.84866  34.1954   36.544
  38.89443  41.24672  43.6009   45.95703  48.31519  50.67547  53.03796
  55.40275  57.76997  60.1397   62.51207  64.88717  67.26512  69.64603
  72.03     74.41715  76.80756  79.20135  81.59861  83.99943  86.40391
  88.81213  91.22418  93.64014  96.06008  98.48407 100.9122  103.34451
 105.78107 108.22195 110.6672  113.11686 115.57099 118.02964 120.49284
 122.96065 125.43308 127.91019 130.392   132.87854 135.36985 137.86595
 140.36686 142.87261 145.38322 147.8987  150.41909 152.94439 155.47462
 158.00979 160.54992 163.09502 165.64511 168.20018 170.76026 173.32535
 175.89546"
" 22.92507  25.26215  27.6022   29.94463  32.28915  34.63557  36.98384
  39.33393  41.68584  44.03964  46.39537  48.75312  51.11296  53.475
  55.83933  58.20606  60.57529  62.94713  65.32169  67.69908  70.0794
  72.46277  74.84929  77.23906  79.63218  82.02876  84.42888  86.83263
  89.24012  91.65141  94.06659  96.48574  98.90893 101.33623 103.7677
 106.20342 108.64344 111.08781 113.53659 115.98982 118.44756 120.90985
 123.37673 125.84823 128.3244  130.80527 133.29086 135.78121 138.27635
 140.77629 143.28107 145.79071 148.30522 150.82462 153.34894 155.87818
 158.41237 160.95151 163.49563 166.04472 168.59881 171.15789 173.72199
 176.29111"
" 23.36635  25.7033   28.04314  30.38532  32.72954  35.07565  37.42359
  39.77332  42.12487  44.47828  46.83362  49.19095  51.55037  53.91196
  56.27583  58.64207  61.0108   63.38211  65.75613  68.13296  70.5127
  72.89547  75.28137  77.6705   80.06296  82.45886  84.85828  87.26132
  89.66806  92.0786   94.49301  96.91138  99.33376 101.76025 104.19089
 106.62576 109.06492 111.50842 113.95632 116.40866 118.8655  121.32688
 123.79284 126.26341 128.73865 131.21857 133.70321 136.19261 138.68679
 141.18577 143.68958 146.19824 148.71178 151.2302  153.75354 156.2818
 158.815   161.35316 163.89628 166.44439 168.99749 171.55558 174.11869
 176.68682"
" 23.80756  26.14437  28.48399  30.8259   33.16983  35.51563  37.86323
  40.21261  42.5638   44.91683  47.27177  49.62869  51.98768  54.34883
  56.71223  59.07799  61.44622  63.81702  66.1905   68.56677  70.94594
  73.32811  75.71339  78.10188  80.49369  82.88891  85.28764  87.68996
  90.09598  92.50577  94.91941  97.33699  99.75858 102.18425 104.61407
 107.0481  109.48641 111.92904 114.37606 116.82752 119.28346 121.74393
 124.20897 126.67862 129.15292 131.6319  134.1156  136.60405 139.09727
 141.59528 144.09813 146.60582 149.11838 151.63583 154.15819 156.68547
 159.21769 161.75486 164.297   166.84411 169.39622 171.95333 174.51545
 177.08258"
" 24.24868  26.58534  28.92474  31.26639  33.61003  35.95551  38.30278
  40.65181  43.00263  45.35528  47.70983  50.06634  52.4249   54.7856
  57.14854  59.51383  61.88156  64.25184  66.62479  69.0005   71.3791
  73.76068  76.14534  78.5332   80.92436  83.31891  85.71695  88.11857
  90.52385  92.9329   95.34578  97.76259 100.18338 102.60825 105.03724
 107.47044 109.90789 112.34966 114.79581 117.24638 119.70143 122.16099
 124.62512 127.09385 129.56722 132.04527 134.52802 137.01552 139.50778
 142.00484 144.50672 147.01345 149.52504 152.04151 154.56289 157.08919
 159.62042 162.15661 164.69776 167.24389 169.79501 172.35113 174.91226
 177.47841"
" 24.68972  27.02623  29.3654   31.70679  34.05013  36.39529  38.74223
  41.09091  43.44137  45.79364  48.14779  50.50389  52.86202  55.22228
  57.58477  59.94957  62.31681  64.68658  67.059    69.43416  71.81219
  74.19318  76.57724  78.96447  81.35498  83.74886  86.14621  88.54713
  90.95169  93.36     95.77213  98.18816 100.60817 103.03222 105.4604
 107.89276 110.32937 112.77029 115.21556 117.66525 120.11941 122.57807
 125.04129 127.5091  129.98154 132.45866 134.94047 137.42702 139.91833
 142.41444 144.91535 147.42111 149.93173 152.44723 154.96764 157.49296
 160.02321 162.55842 165.09858 167.64373 170.19386 172.74899 175.30913
 177.87429"
" 25.13068  27.46702  29.80597  32.14708  34.49013  36.83498  39.18158
  41.52991  43.88001  46.2319   48.58565  50.94135  53.29906  55.65888
  58.0209   60.38524  62.75198  65.12124  67.49313  69.86775  72.24521
  74.62561  77.00906  79.39567  81.78554  84.17876  86.57543  88.97564
  91.37949  93.78707  96.19844  98.6137  101.03293 103.45619 105.88355
 108.31508 110.75085 113.19091 115.63532 118.08413 120.5374  122.99517
 125.45748 127.92437 130.39589 132.87208 135.35295 137.83856 140.32892
 142.82407 145.32403 147.82882 150.33847 152.853   155.37243 157.89677
 160.42605 162.96027 165.49946 168.04362 170.59276 173.1469  175.70606
 178.27022"
" 25.57156  27.90773  30.24644  32.58729  34.93004  37.27457  39.62083
  41.96882  44.31855  46.67006  49.02343  51.37871  53.736    56.09538
  58.45695  60.82081  63.18707  65.55582  67.92719  70.30126  72.67815
  75.05798  77.44083  79.82682  82.21604  84.6086   87.0046   89.40412
  91.80726  94.2141   96.62473  99.03922 101.45767 103.88013 106.30668
 108.73739 111.17232 113.61153 116.05508 118.50302 120.9554  123.41228
 125.87368 128.33967 130.81027 133.28552 135.76546 138.25013 140.73954
 143.23374 145.73274 148.23657 150.74526 153.25882 155.77727 158.30064
 160.82893 163.36218 165.90038 168.44355 170.99171 173.54487 176.10304
 178.66622"
" 26.01236  28.34834  30.68682  33.02739  35.36984  37.71406  40.05999
  42.40763  44.75699  47.10813  49.4611   51.81598  54.17285  56.53179
  58.89291  61.2563   63.62207  65.99032  68.36116  70.7347   73.11103
  75.49027  77.87253  80.2579   82.64649  85.0384   87.43372  89.83255
  92.23498  94.64109  97.05098  99.46472 101.88238 104.30406 106.7298
 109.15969 111.59379 114.03215 116.47484 118.92191 121.37342 123.8294
 126.2899  128.75498 131.22466 133.69899 136.178   138.66173 141.1502
 143.64344 146.14149 148.64436 151.15208 153.66467 156.18216 158.70455
 161.23187 163.76413 166.30135 168.84354 171.39072 173.94289 176.50007
 179.06226"
" 26.45307  28.78887  31.12711  33.46741  35.80956  38.15345  40.49905
  42.84634  45.19534  47.5461   49.89868  52.25316  54.60961  56.96812
  59.32878  61.69171  64.05699  66.42474  68.79506  71.16806  73.54384
  75.9225   78.30417  80.68892  83.07688  85.46814  87.86279  90.26094
  92.66266  95.06805  97.4772   99.89018 102.30708 104.72796 107.15291
 109.58198 112.01525 114.45277 116.89461 119.34081 121.79144 124.24653
 126.70614 129.17031 131.63908 134.11248 136.59056 139.07335 141.56088
 144.05318 146.55027 149.05218 151.55894 154.07057 156.58708 159.1085
 161.63485 164.16613 166.70237 169.24358 171.78978 174.34096 176.89716
 179.45836"
" 26.8937   29.22931  31.5673   33.90732  36.24917  38.59275  40.93801
  43.28495  45.63359  47.98398  50.33617  52.69024  55.04627  57.40435
  59.76457  62.12703  64.49183  66.85908  69.22888  71.60134  73.97657
  76.35466  78.73574  81.11989  83.50722  85.89783  88.29182  90.68928
  93.0903   95.49497  97.90338 100.31562 102.73174 105.15185 107.576
 110.00426 112.4367  114.87338 117.31437 119.75971 122.20946 124.66367
 127.12239 129.58565 132.05351 134.526   137.00315 139.48501 141.9716
 144.46295 146.95909 149.46005 151.96585 154.47651 156.99205 159.5125
 162.03787 164.56818 167.10345 169.64367 172.18889 174.73909 177.2943
 179.85452"
" 27.33424  29.66965  32.0074   34.34714  36.6887   39.03196  41.37688
  43.72347  46.07175  48.42176  50.77357  53.12724  55.48285  57.84049
  60.20027  62.56226  64.92659  67.29334  69.66263  72.03456  74.40923
  76.78676  79.16724  81.55079  83.93749  86.32746  88.72079  91.11757
  93.5179   95.92186  98.32954 100.74102 103.15639 105.57571 107.99907
 110.42652 112.85814 115.29399 117.73413 120.17861 122.62749 125.08082
 127.53865 130.00102 132.46797 134.93954 137.41577 139.89669 142.38234
 144.87275 147.36794 149.86795 152.37279 154.88249 157.39707 159.91655
 162.44094 164.97028 167.50456 170.04381 172.58804 175.13726 177.69149
 180.25072"
" 27.77469  30.10991  32.44741  34.78687  37.12812  39.47106  41.81566
  44.1619   46.50982  48.85945  51.21087  53.56414  55.91934  58.27655
  60.63588  62.99741  65.36126  67.72752  70.09629  72.46769  74.84182
  77.21878  79.59868  81.98162  84.36771  86.75704  89.14971  91.54582
  93.94545  96.3487   98.75566 101.1664  103.581   105.99955 108.42212
 110.84877 113.27957 115.71459 118.15389 120.59752 123.04553 125.49798
 127.95492 130.41639 132.88244 135.35309 137.8284  140.3084  142.79312
 145.28258 147.77683 150.27588 152.77977 155.2885  157.80212 160.32063
 162.84406 165.37242 167.90573 170.444   172.98725 175.53549 178.08873
 180.64698"
