" 1.03535  2.81793  5.17099  7.41595  9.53102 11.63229 13.65407 15.59964
 17.39964 21.71088"
"1100.      1100.      1100.         7.92161    9.92963   11.82273
   13.85042   15.53354   17.74522  453.61919"
"1100.      1100.      1100.      1100.        10.34318   12.10712
   13.91202   15.81775   17.47956 1100.     "
"1100.      1100.      1100.      1100.       585.51302   12.43596
   14.27643   15.97702   18.09108 1100.     "
"1100.      1100.      1100.      1100.      1100.        14.05589
   14.32739   16.12273   17.78889 1100.     "
"1100.      1100.      1100.      1100.      1100.      1100.
   14.5943    16.24495   17.96973 1100.     "
"1100.      1100.      1100.      1100.      1100.      1100.
   53.36522   16.39526   18.61913 1100.     "
"1100.      1100.      1100.      1100.      1100.      1100.
 1100.        16.64637   19.16137 1100.     "
"1100.      1100.      1100.      1100.      1100.      1100.
 1100.        41.88663   90.19486 1100.     "
1100. 1100. 1100. 1100. 1100. 1100. 1100. 1100. 1100. 1100.
