"  1.        1.18173   1.59106   2.09226   2.64362   3.23214   3.83712
   4.42954   4.97786   5.46242   5.9388    6.44323   6.91781   7.39659
   7.89801   8.36966   8.83382   9.41395   9.9103   10.37804  10.88123
  11.52241  11.97571  12.27784  12.58732  12.92828  13.38331  14.15118
  14.91403  15.43414  15.71744  15.84028  15.93887  15.95051  16.61348
  17.98298  19.32608  19.34226  18.01662  22.15599  44.25536  79.65419
 132.67659 209.26415 316.89637 464.8453  664.4884  929.66649"
"  1.10659   1.271     1.64505   2.12333   2.65548   3.21954   3.79527
   4.3574    4.87626   5.33281   5.78254   6.25933   6.71644   7.21071
   7.72287   8.20929   8.74464   9.36011   9.91742  10.47735  11.17472
  11.83687  12.30278  12.63685  12.96642  13.28485  13.68133  14.35006
  15.02006  15.45925  15.69793  15.82549  15.99356  16.1264   17.07109
  18.5955   19.97972  19.96283  18.49971  22.32296  44.78224  80.72143
 134.48693 212.07104 321.01273 470.6537  672.45271 940.34511"
"  1.28849   1.43441   1.76421   2.2036    2.70593   3.23985   3.78335
   4.31275   4.79974   5.22672   5.6522    6.10349   6.55542   7.06979
   7.59429   8.10319   8.72593   9.38068  10.01469  10.7107   11.53164
  12.20535  12.68466  13.04783  13.38614  13.67526  14.00794  14.57543
  15.15087  15.51052  15.71938  15.849    16.09312  16.38401  17.56572
  19.22958  20.65672  20.61902  19.01922  22.40536  45.16088  81.58605
 136.02984 214.53265 324.69075 475.91326 679.73783 950.19174"
"  1.52006   1.64502   1.93556   2.32916   2.79182   3.28995   3.79829
   4.29277   4.74567   5.14199   5.54593   5.97521   6.43975   6.97435
   7.51443   8.06105   8.7776    9.48483  10.21794  11.08714  11.94682
  12.62996  13.12334  13.51076  13.84802  14.10201  14.36588  14.82993
  15.30789  15.59023  15.77827  15.90784  16.23344  16.70737  18.09028
  19.88135  21.35592  21.31052  19.57794  22.4083   45.38968  82.24595
 137.30263 216.64558 327.92622 480.61881 686.3375  959.19885"
"  1.77896   1.88478   2.14026   2.49275   2.91038   3.36747   3.83765
   4.29495   4.71156   5.07701   5.46248   5.87766   6.37158   6.9258
   7.48752   8.1146    8.90587   9.68577  10.55827  11.54347  12.42165
  13.11307  13.6208   14.02635  14.35429  14.56799  14.75824  15.11652
  15.49295  15.70786  15.87102  15.99926  16.41078  17.07949  18.63864
  20.54767  22.07599  22.03675  20.17819  22.34185  45.46788  82.69989
 138.30354 218.40747 330.71602 484.7664  692.24678 967.36036"
"  2.0508    2.14062   2.36439   2.68149   3.05718   3.47052   3.89954
   4.31709   4.69508   5.03113   5.4016    5.82181   6.35172   6.92691
   7.52182   8.27325   9.12085  10.00384  11.03314  12.0666   12.95838
  13.65734  14.17904  14.59606  14.90768  15.07644  15.1885   15.43846
  15.70852  15.87098  15.99527  16.12061  16.62173  17.48796  19.20539
  21.22585  22.81538  22.79681  20.82185  22.22107  45.39561  82.94745
 139.03171 219.8169  333.05814 488.35325 697.46202 974.67163"
"  2.32667   2.40299   2.59896   2.8838    3.22321   3.59546   3.98182
   4.3569    4.694     5.0049    5.36555   5.8193    6.38168   6.98263
   7.63722   8.51694   9.43894  10.46471  11.59591  12.65683  13.55975
  14.26575  14.80026  15.22213  15.51142  15.63096  15.66047  15.79928
  15.95835  16.07413  16.14965  16.26925  16.86285  17.92405  19.78579
  21.91337  23.57239  23.58942  21.51049  22.06462  45.17375  82.98899
 139.48713 220.87345 334.95161 491.37777 701.98086 981.12939"
"  2.60068   2.66553   2.83763   3.09265   3.39929   3.73485   4.0799
   4.41088   4.70604   4.99959   5.3656    5.87209   6.46456   7.10212
   7.88661   8.85623   9.88566  11.05045  12.23436  13.31648  14.22893
  14.9416   15.48698  15.90747  16.16919  16.23548  16.17838  16.20283
  16.24996  16.31444  16.33353  16.44255  17.13038  18.37882  20.37568
  22.60785  24.34506  24.41285  22.24558  21.89437  44.80383  82.82567
 139.67063 221.5776  336.39647 493.83948 705.80219 986.73173"
"  2.86877   2.92428   3.07597   3.30354   3.57934   3.88049   4.18597
   4.47301   4.72917   5.01747   5.4249    5.98023   6.60618   7.30583
   8.25264   9.3111   10.47511  11.72813  12.94845  14.04876  14.96954
  15.68855  16.24219  16.65559  16.88506  16.89429  16.74678  16.65343
  16.59316  16.59148  16.54696  16.63797  17.42007  18.84523  20.9714
  23.30693  25.13128  25.26504  23.02873  21.74372  44.28815  82.45937
 139.58388 221.93072 337.39378 495.73899 708.92608 991.47811"
"  3.12819   3.17659   3.31067   3.5128    3.75868   4.02569   4.29179
   4.53597   4.76443   5.07021   5.54904   6.1463    6.81797   7.65401
   8.73013   9.9045   11.1801   12.49007  13.74089  14.85748  15.78567
  16.51056  17.06939  17.47052  17.66348  17.61199  17.37067  17.15606
  16.99009  16.90615  16.79059  16.85318  17.72728  19.31798  21.56973
  24.00826  25.92871  26.14372  23.86181  21.76997  43.6298   81.89273
 139.22928 221.93508 337.94554 497.07801 711.35382 995.36925"
"  3.37682   3.42004   3.53846   3.71644   3.93241   4.16434   4.3904
   4.59488   4.81934   5.19038   5.73502   6.37784   7.12743   8.1545
   9.34062  10.62936  11.9815   13.33714  14.6155   15.74702  16.68184
  17.41198  17.97263  18.35676  18.50925  18.3935   18.05537  17.7165
  17.44149  17.26028  17.06576  17.08626  18.04729  19.79263  22.16771
  24.70953  26.73486  27.04641  24.74659  22.05939  42.83271  81.12905
 138.61004 221.59377 338.05472 497.85926 713.08783 998.40718"
"   3.61239    3.65145    3.75512    3.90936    4.09477    4.2904
    4.47656    4.65344    4.91902    5.38543    5.98668    6.69279
    7.61023    8.78912   10.08954   11.46326   12.87634   14.27278
   15.57688   16.72225   17.663     18.3975    18.95643   19.31924
   19.42749   19.24403   18.80663   18.34091   17.9499    17.65653
   17.37425   17.33592   18.37555   20.26529   22.76249   25.40844
   27.54704   27.97039   25.68413   22.45053   41.90164   80.1723
  137.73007  220.91068  337.72516  498.08649  714.13165 1000.59514"
"   3.83149    3.8663     3.95519    4.08543    4.23949    4.39838
    4.54931    4.73637    5.107      5.65291    6.31845    7.13867
    8.26918    9.56608   10.95752   12.39942   13.86698   15.30164
   16.63025   17.78854   18.73453   19.47218   20.02584   20.36328
   20.42365   20.16911   19.63065   19.03467   18.51886   18.09837
   17.71811   17.60184   18.70791   20.73242   23.35144   26.10269
   28.36247   28.91276   26.67444   22.96016   40.84237   79.02706
  136.59399  219.89051  336.9616   497.76443  714.48995 1001.93759"
"   4.02912    4.05884    4.13241    4.23826    4.36089    4.48585
    4.6251     4.9038     5.3843     6.00438    6.76505    7.80318
    9.07693   10.47034   11.93479   13.43919   14.95789   16.42922
   17.78138   18.95169   19.90217   20.6415    21.18632   21.49456
   21.5035    21.17452   20.53357   19.80242   19.15248   18.59007
   18.09996   17.88496   19.04073   21.19078   23.93207   26.79006
   29.17824   29.87044   27.71774   23.62691   39.66183   77.6985
  135.20709  218.53871  335.76962  496.89873  714.1684  1002.4402 "
"   4.19928    4.22295    4.28077    4.3626     4.4567     4.5644
    4.77312    5.18636    5.75717    6.4707     7.41399    8.64333
   10.01834   11.49073   13.02215   14.58682   16.1547    17.66166
   19.03652   20.21797   21.1721    21.91132   22.44378   22.71912
   22.67309   22.26635   21.52137   20.64907   19.85519   19.13675
   18.52311   18.18806   19.37091   21.63736   24.50199   27.46841
   29.99136   30.84019   28.80781   24.44379   38.36847   76.19247
  133.57532  216.86144  334.15563  495.49603  713.17374 1002.10972"
"   4.33658    4.35378    4.39669    4.45849    4.54067    4.70711
    5.06311    5.58536    6.25505    7.12201    8.28561    9.62313
   11.08216   12.62739   14.22425   15.84803   17.46386   19.00567
   20.40242   21.59405   22.55083   23.28789   23.80449   24.0433
   23.93875   23.45092   22.60013   21.58047   20.63169   19.74427
   18.99148   18.5164    19.696     22.06932   25.05887   28.13572
   30.79883   31.8186    29.93606   25.37673   36.973     74.51537
  131.70526  214.86559  332.12683  493.56378  711.51372 1000.95408"
"  4.44098   4.45321   4.48781   4.55237   4.70295   5.02131   5.50068
   6.12794   6.93537   8.02212   9.30581  10.731    12.26847  13.88518
  15.54737  17.22955  18.89247  20.46844  21.88625  23.087    24.04527
  24.77787  25.27513  25.47379  25.30711  24.7348   23.77591  22.60334
  21.48696  20.4191   19.5097   18.88023  20.01418  22.48401  25.6004
  28.79003  31.59768  32.80211  31.09599  26.40585  35.48972  72.67425
 129.60409 212.55865 329.69114 491.11032 709.19699 998.98227"
"  4.54665   4.56281   4.62624   4.78336   5.08044   5.52099   6.10367
   6.8579    7.86901   9.08578  10.45953  11.96749  13.58242  15.2709
  16.99876  18.73881  20.44818  22.05766  23.4956   24.7043   25.66268
  26.3883   26.86272  27.01759  26.78508  26.12476  25.05474  23.72483
  22.42634  21.16805  20.08307  19.28805  20.32436  22.87901  26.12422
  29.42936  32.38499  33.78699  32.28064  27.51482  33.93952  70.67672
 127.27949 209.94883 326.85726 488.14486 706.23324 996.20428"
"  4.81338   4.86179   5.00758   5.27235   5.66614   6.19805   6.90125
   7.84102   8.98103  10.28871  11.74797  13.33819  15.03123  16.79238
  18.58636  20.38392  22.13918  23.78146  25.2385   26.45382  27.41071
  28.12661  28.57463  28.682    28.37984  27.62778  26.44276  24.95193
  23.45566  21.99803  20.71767  19.74466  20.62631  23.25212  26.62797
  30.05189  33.15796  34.76938  33.48385  28.69005  32.3565   68.53103
 124.7397  207.04502 323.6346  484.67735 702.63299 992.63124"
"  5.30426   5.4032    5.61593   5.95365   6.43168   7.08681   7.95373
   9.00896  10.2384   11.63262  13.17733  14.85079  16.62322  18.45817
  20.31876  22.1735   23.97411  25.64841  27.12338  28.34382  29.29734
  30.00058  30.41859  30.47463  30.09884  29.251    27.94637  26.29138
  24.58146  22.91578  21.42037  20.25739  20.92089  23.60149  27.10921
  30.65592  33.91398  35.74527  34.70002  29.92147  30.80172  66.24609
 121.99354 203.85657 320.0332  480.71849 698.4076  988.27515"
"  6.00413   6.14673   6.42112   6.84487   7.44345   8.22539   9.18756
  10.3281   11.64325  13.1243   14.75574  16.51405  18.36741  20.27736
  22.20507  24.11671  25.96206  27.66749  29.15907  30.38292  31.33096
  32.01839  32.40265  32.40341  31.9498   31.0018   29.57227  27.74995
  25.81138  23.92789  22.19882  20.83069  21.21054  23.92577  27.56546
  31.2398   34.65065  36.71054  35.92386  31.20445  29.38167  63.83152
 119.05031 200.39336 316.06372 476.27982 693.56939 983.14896"
"  6.96783   7.1496    7.48986   7.99671   8.67725   9.53662  10.57794
  11.80142  13.20292  14.77237  16.4924   18.3374   20.27336  22.25959
  24.2549   26.22317  28.11258  29.84811  31.35481  32.58016  33.52029
  34.18855  34.53522  34.47656  33.94073  32.88774  31.32749  29.33394
  27.15466  25.04082  23.06142  21.46893  21.50031  24.22431  27.9942
  31.80188  35.3657   37.66103  37.15028  32.54215  28.2693   61.29774
 115.91981 196.66588 311.73744 471.37352 688.13141 977.26669"
"  8.16933   8.38399   8.77059   9.33377  10.07867  11.00972  12.12941
  13.43688  14.9265   16.5864   18.39713  20.33085  22.35115  24.41491
  26.47836  28.50293  30.43563  32.20007  33.72021  34.94491  35.87443
  36.51998  36.82503  36.70264  36.07991  34.91667  33.2194   31.04977
  28.6223   26.26108  24.01703  22.17815  21.79993  24.49776  28.39288
  32.34043  36.05699  38.5926   38.37434  33.94143  27.95993  58.65622
 112.61231 192.68512 307.06641 466.01236 682.1074  970.64308"
"  9.54981   9.79456  10.22335  10.83977  11.6479   12.65109  13.85055
  15.24396  16.82394  18.57661  20.48032  22.50484  24.61127  26.75385
  28.88597  30.96651  32.94159  34.7336   36.26531  37.48696  38.40288
  39.02193  39.28116  39.09049  38.3759   37.09671  35.25572  32.90443
  30.22569  27.59544  25.07463  22.96548  22.12767  24.74912  28.75899
  32.85354  36.72266  39.50124  39.59119  35.40128  28.46181  55.91975
 109.13857 188.46254 302.06305 460.20987 675.51203 963.29372"
" 11.10485  11.37926  11.85018  12.52036  13.39289  14.46991  15.75125
  17.23297  18.90578  20.75369  22.75275  24.87023  27.0646   29.28731
  31.48866  33.62482  35.64127  37.45932  39.00053  40.21647  41.11548
  41.70402  41.91303  41.64931  40.83757  39.43632  37.44454  34.90532
  31.97434  29.0512   26.243    23.839    22.51501  24.97995  29.0901
  33.3391   37.36108  40.38321  40.79613  36.91457  29.47249  53.10302
 105.50981 184.01004 296.7402  453.98029 668.36064 955.23525"
" 12.84065  13.14514  13.65918  14.38458  15.32337  16.47643  17.84211
  19.41472  21.183    23.12876  25.22562  27.43827  29.72243  32.02661
  34.29779  36.48921  38.54586  40.38827  41.93668  43.14399  44.02247
  44.57626  44.73042  44.38859  43.47411  41.94426  39.79426  37.06027
  33.87579  30.63666  27.53046  24.80774  23.01089  25.19307  29.38397
  33.79475  37.97089  41.2352   41.98448  38.46345  30.81771  50.22364
 101.73772 179.33997 291.11136 447.33822 660.66901 946.48484"
" 14.76593  15.10143  15.66006  16.44259  17.44988  18.68149  20.13419
  21.80046  23.667    25.71331  27.91051  30.22058  32.5964   34.98341
  37.32508  39.57141  41.66698  43.53188  45.08498  46.28044  47.13447
  47.64899  47.74344  47.3182   46.29502  44.62965  42.31366  39.37746
  35.93693  32.36197  28.9449   25.88156  23.66913  25.39322  29.63871
  34.21787  38.55091  42.05412  43.15158  40.02641  32.34364  47.30413
  97.8345  174.46509 285.1905  440.29876 652.45382 937.0604 "
" 16.89039  17.25824  17.8633   18.70517  19.78349  21.09637  22.63895
  24.40182  26.36952  28.51917  30.81931  33.22913  35.69854  38.16976
  40.58262  42.88354  45.01665  46.90197  48.45705  49.63716  50.46247
  50.93296  50.96256  50.44832  49.31014  47.50195  45.01187  41.86546
  38.16515  34.24045  30.49393  27.07093  24.47023  25.58725  29.85291
  34.60563  39.10012  42.8375   44.29271  41.58882  33.98044  44.37603
  93.81287 169.39854 278.99202 432.87774 643.73248 926.98088"
" 19.22434  19.6262   20.27981  21.18351  22.33559  23.73268  25.36819
  27.23072  29.30261  31.55851  33.96428  36.47622  39.04119  41.59807
  44.08286  46.43811  48.60729  50.51079  52.06489  53.22586  54.01788
  54.43927  54.39863  53.78948  52.52965  50.571    47.89836  44.53324
  40.56774  36.28814  32.18519  28.38662  25.39312  25.78477  30.026
  34.95505  39.6175   43.58343  45.40314  43.14068  35.68684  41.48872
  89.68617 164.15385 272.53066 425.09181 634.52262 916.26569"
" 21.77842  22.2163   22.92086  23.88911  25.11793  26.60235  28.33399
  30.29941  32.47865  34.84382  37.35799  39.97451  42.63705  45.28107
  47.8386   50.248    52.45172  54.37098  55.92093  57.05868  57.81249
  58.17943  58.06286  57.35258  55.9641   53.84699  50.98296  47.39011
  43.15244  38.51882  34.02668  29.83923  26.4355   26.00049  30.1586
  35.26308  40.1019   44.29055  46.4781   44.67386  37.43761  38.72841
  85.46846 158.74491 265.82157 416.95731 624.84246 904.93465"
" 24.5636   25.03982  25.79801  26.83378  28.1425   29.71758  31.54874
  33.62043  35.91032  38.38788  41.01334  43.73697  46.49916  49.23184
  51.86299  54.32644  56.56315  58.49558  60.03798  61.14814  61.85847
  62.1653   61.96681  61.14887  59.62441  57.34047  54.27588  50.44577
  45.92774  40.94095  36.02731  31.43881  27.60223  26.26117  30.25312
  35.52671  40.55184  44.95792  47.51285  46.18132  39.22255  36.2516
  81.1747  153.18595 258.88029 408.49135 614.71108 893.00866"
" 27.59106  28.10827  28.92304  30.02953  31.42157  33.09082  35.02508
  37.2066   39.61057  42.2038   44.94353  47.77689  50.64089  53.46383
  56.16952  58.68702  60.95518  62.89803  64.42927  65.50718  66.16841
  66.40915  66.12246  65.18999  63.52184  61.06238  57.78767  53.7103
  48.90274  43.56092  38.19791  33.19472  28.90161  26.62305  30.3147
  35.74312  40.96535  45.58494  48.50285  47.65681  41.05006  34.35122
  76.82105 147.49156 251.72269 399.71154 604.14808 880.50919"
" 30.87217  31.43334  32.30794  33.48863  34.96762  36.73479  38.77592
  41.07099  43.59267  46.30495  49.16206  52.10787  55.07592  57.99076
  60.77199  63.34365  65.64178  67.59218  69.10844  70.14914  70.75531
  70.92364  70.54212  69.48795  67.66805  65.02402  61.52926  57.19415
  52.087    46.38562  40.55344  35.11577  30.34396  27.19656  30.35276
  35.90982  41.33998  46.17119  49.44413  49.09469  42.93077  33.73229
  72.42541 141.67669 244.36495 390.63584 593.1729  867.4577 "
" 34.41848  35.02693  35.96489  37.22352  38.79336  40.66242  42.8144
  45.22694  47.8701   50.705    53.68274  56.74383  59.81825  62.82673
  65.68454  68.31057  70.6373   72.59227  74.08953  75.08778  75.63257
  75.72182  75.23854  74.05513  72.0751   69.23709  65.51198  60.90815
  55.49059  49.42298  43.11462  37.21049  31.94069  28.10938  30.38541
  36.02495  41.67275  46.71639  50.33348  50.48979  44.85596  34.52076
  68.00818 135.75665 236.82352 381.28251 581.80573 853.87648"
" 38.24168  38.90108  39.90627  41.24687  42.9117   44.88687  47.15391
  49.68805  52.45665  55.41788  58.51964  61.69898  64.88221  67.98614
  70.92165  73.60237  75.95647  77.91295  79.38697  80.33728  80.814
  80.81717  80.22483  78.90431  76.75539  73.71366  69.7475   64.86352
  59.12399  52.68214  45.90038  39.48762  33.70357  29.26779  30.43489
  36.08755  41.96029  47.22027  51.16865  51.83744  46.80439  36.15719
  63.59385 129.74714 229.11515 371.67008 570.06736 839.78875"
" 42.35358  43.06799  44.14458  45.57148  47.33574  49.42149  51.80804
  54.46812  57.36635  60.45782  63.68714  66.98783  70.28242  73.48371
  76.49812  79.23393  81.61433  83.56924  85.01563  85.91223  86.31385
  86.22353  85.51451  84.04865  81.72176  78.46618  74.24789  69.07186
  62.99815  56.17211  48.91974  41.95666  35.6441   30.61378  30.51653
  36.09804  42.199    47.6824   51.9485   53.13288  48.74025  38.14774
  59.21371 123.66437 221.25682 361.81741 557.97908 825.21773"
" 46.76612  47.53996  48.69251  50.21035  52.07877  54.27985  56.79061
  59.58123  62.61345  65.83927  69.19988  72.62517  76.0338   79.33447
  82.42906  85.22045  87.62629  89.57657  90.99077  91.82766  92.14676
  91.95519  91.1215   89.50174  86.98742  83.50753  79.02562  73.54516
  67.1244   59.90269  52.17803  44.629    37.77309  32.13643  30.65886
  36.0589   42.38524  48.10202  52.67287  54.37146  50.64218  40.29856
  54.91138 117.52508 213.26578 351.7436  545.56189 810.18673"
" 51.49133  52.32943  53.56284  55.17662  57.15424  59.4757   62.11565
  65.04163  68.21248  71.57695  75.07277  78.62608  82.15159  85.55376
  88.72991  91.57746  94.00805  95.95075  97.32806  98.09899  98.32781
  98.02683  97.06011  95.27755  92.56598  88.85094  84.09354  78.29581
  71.51453  63.88446  55.68174  47.52091  40.1006   33.83853  30.91847
  35.97561  42.51558  48.47775  53.34238  55.54867  52.49743  42.52218
  50.75381 111.3467  205.1595  341.468   532.83739 794.71979"
" 56.54132  57.44894  58.7685   60.48357  62.57577  65.02295  67.79735
  70.86382  74.17815  77.68583  81.32099  85.00593  88.6513   92.15725
  95.41643  98.32079 100.77565 102.70793 104.04355 104.74209 104.87251
 104.45355 103.34509 101.39043  98.47147  94.51007  89.4649   83.3366
  76.18075  68.12857  59.43901  50.65801  42.63621  35.72855  31.4286
  35.85808  42.58699  48.80752  53.95808  56.66024  54.29658  44.77351
  46.85317 105.14764 196.95566 331.01018 519.82751 778.84184"
" 61.92827  62.91112  64.32253  66.14461  68.35711  70.9357   73.85013
  77.06247  80.52543  84.1811   87.95994  91.78032  95.54871  99.16086
 102.50466 105.4666  107.94541 109.86467 111.15372 111.77323 111.7968
 111.25089 109.99159 107.8552  104.71832 100.49898  95.15336  88.68073
  81.13566  72.64672  63.45932  54.06534  45.38945  37.81755  32.44344
  35.72293  42.59724  49.08846  54.52108  57.7024   56.03224  47.03588
  43.40497  98.94757 188.6722  320.38987 506.55443 762.57759"
" 67.66443  68.72866  70.23805  72.17327  74.51216  77.22818  80.28856
  83.65247  87.26948  91.07819  95.0053   98.96514 102.85991 106.58084
 110.01099 113.03136 115.53395 117.43783 118.67543 119.20911 119.11703
 118.43478 117.01515 114.68703 111.32135 106.83213 101.17297  94.34178
  86.3923   77.45113  67.7532   57.75148  48.37039  40.11755  33.88553
  35.5973   42.54526  49.31707  55.03224  58.67233  57.69811  49.32016
  40.7722   92.76804 180.32734 309.62699 493.04048 745.95166"
" 73.76209  74.91435  76.52828  78.58317  81.05495  83.91481  87.12736
  90.64887  94.42565  98.39274 102.47296 106.57653 110.60123 114.4337
 117.95208 121.03183 123.5582  125.44464 126.62594 127.06685 126.85002
 126.02161 124.43176 121.90154 118.29583 113.5244  107.53821 100.33376
  91.96413  82.55448  72.33227  61.72003  51.59086  42.64048  35.59882
  35.52968  42.4317   49.4894   55.49205  59.56848  59.28903  51.63448
  39.76336  86.63341 171.93954 298.74159 479.30817 728.98939"
" 80.23357  81.48099  83.20652  85.38805  87.99961  91.01009  94.38143
  98.06691 102.00951 106.1406  110.37906 114.63085 118.78929 122.73626
 126.3449  129.48512 132.03538 133.9026  135.02286 135.36397 135.013
 134.02817 132.25783 129.51477 125.6574  120.59108 114.26394 106.67111
  97.86503  87.96992  77.20785  65.97714  55.06785  45.39773  37.54851
  35.56209  42.25974  49.60136  55.9004   60.3909   60.80066  53.96503
  40.74723  80.57238 163.52766 287.75385 465.38016 711.71643"
" 87.0912   88.44145  90.28611  92.60171  95.36039  98.52867 102.0658
 105.92199 110.03678 114.33783 118.73994 123.14474 127.44093 131.50557
 135.20669 138.4086  140.98299 142.82955 143.88421 144.11841 143.62365
 142.4717  140.51017 137.54315 133.42217 128.04787 121.36548 113.36866
 104.10932  93.71106  82.39212  70.53138  58.83196  48.40004  39.72957
  35.75745  42.03623  49.64904  56.25645  61.14107  62.2292   56.27615
  42.86008  74.62081 155.11096 276.68409 451.27924 694.15858"
" 94.34735  95.80863  97.78045 100.23804 103.15161 106.48532 110.19564
 114.22964 118.52338 123.00067 127.57216 132.13502 136.57326 140.75898
 144.555   147.81996 150.41885 152.24359 153.22835 153.34851 152.70006
 151.36986 149.20603 146.00356 141.60664 135.9109  128.85854 120.44167
 110.71172  99.79198  87.89802  75.39302  62.91613  51.65789  42.14774
  36.28427  41.77336  49.62908  56.55846  61.82162  63.57122  58.52734
  45.3857   68.82663 146.7093  265.55273 437.0283  676.34162"
"102.01434 103.59542 105.70298 108.31097 111.38769 114.8949  118.78623
 123.00556 127.48536 132.14553 136.89247 141.61877 146.20363 150.51407
 154.40763 157.7372  160.36107 162.1631  163.07398 163.073   162.26078
 160.74075 158.36309 154.9133  150.22771 144.19671 136.75925 127.90583
 117.68741 106.2272   93.73904  80.57354  67.32738  55.18203  44.81334
  37.51023  41.4912   49.5391   56.80378  62.43557  64.82363  60.69879
  48.06625  63.25911 138.34332 254.38031 422.65032 658.2915 "
"110.1045  111.81473 114.06716 116.83448 120.08311 123.77235 127.85297
 132.26556 136.93896 141.78902 146.71781 151.61325 156.34959 160.7887
 164.78265 168.17857 170.82805 172.60672 173.44014 173.31101 172.3248
 170.60291 167.99945 164.29008 159.30276 152.92228 145.08419 135.77726
 125.05198 113.03169  99.92924  86.08536  72.06702  58.98457  47.73848
  39.31563  41.22154  49.3782   56.98888  62.98561  65.98388  62.77854
  50.79228  58.02583 130.03475 243.18748 408.16833 640.03431"
"118.63012 120.47947 122.88646 125.82261 129.2524  133.1327  137.41134
 142.02558 146.90051 151.94789 157.06531 162.13593 167.02895 171.60092
 175.6984  179.16262 181.83851 183.59338 184.34618 184.08203 182.9115
 180.97532 178.13363 174.15203 168.84954 162.105   153.85034 144.0725
 132.82146 120.22088 106.48319  91.94169  77.14095  63.08236  50.93558
  41.46953  41.01532  49.14769  57.10967  63.47359  67.05044  64.75832
  53.51496  53.30146 121.80687 231.99506 393.60539 621.59621"
