"1.00000000e+00 1.08763000e+00 1.30154000e+00 1.59106000e+00
 1.91885000e+00 2.27109000e+00 2.64362000e+00 3.03291000e+00
 3.43326000e+00 3.83712000e+00 4.23546000e+00 4.61865000e+00
 4.97786000e+00 5.30751000e+00 5.61563000e+00 5.93880000e+00
 6.27655000e+00 6.60586000e+00 6.91781000e+00 7.23134000e+00
 7.56467000e+00 7.89801000e+00 8.21689000e+00 8.51925000e+00
 8.83382000e+00 9.23018000e+00 9.58631000e+00 9.91030000e+00
 1.02250000e+01 1.05301800e+01 1.08812300e+01 1.13261100e+01
 1.16961200e+01 1.19757100e+01 1.21840500e+01 1.23749000e+01
 1.25873200e+01 1.28123900e+01 1.30552600e+01 1.33833100e+01
 1.38754000e+01 1.44250300e+01 1.49140300e+01 1.52887100e+01
 1.55532300e+01 1.57174400e+01 1.58080400e+01 1.58707800e+01
 1.59388700e+01 1.59751700e+01 1.59955100e+01 1.66134800e+01
 1.74715800e+01 1.85032800e+01 1.93260800e+01 1.95419500e+01
 1.89329700e+01 1.80166200e+01 1.87322300e+01 2.81806500e+01
 4.42553600e+01 6.61490200e+01 9.51061700e+01 1.32676590e+02
 1.80689050e+02 2.41273960e+02 3.16896370e+02 4.10394100e+02
 5.25020060e+02 6.64488400e+02 8.33024660e+02 1.03542016e+03"
"   1.06151    1.14414    1.34348    1.61951    1.93783    2.28252
    2.64708    3.02643    3.41488    3.80573    4.19077    4.56081
    4.90721    5.22443    5.52054    5.83163    6.1569     6.47433
    6.77936    7.0988     7.4385     7.77615    8.10023    8.41261
    8.76603    9.17894    9.5522     9.90553   10.25635   10.6143
   11.06887   11.52754   11.90202   12.18777   12.40885   12.61639
   12.8356    13.05402   13.27883   13.57894   14.02853   14.53272
   14.98202   15.31982   15.55159   15.6998    15.78928   15.8659
   15.97014   16.04463   16.1899    16.91406   17.8476    18.92575
   19.75919   19.96419   19.32321   18.33478   18.87262   28.36631
   44.62298   66.7472    95.99085  133.91304  182.35288  243.45229
  319.68907  413.91523  529.39938  669.87305  839.58101 1043.33575"
"   1.16008    1.23791    1.42155    1.67793    1.98122    2.31443
    2.66817    3.03573    3.41114    3.78813    4.15912    4.51526
    4.8481     5.15227    5.43645    5.73631    6.04963    6.35604
    6.658      6.9863     7.33228    7.67476    8.00546    8.33177
    8.73083    9.15815    9.55239    9.93928   10.3321    10.76712
   11.28723   11.75289   12.1316    12.42388   12.65781   12.87929
   13.10175   13.3112    13.51633   13.7869    14.19336   14.65143
   15.06085   15.36215   15.56249   15.70066   15.78774   15.87966
   16.02197   16.13835   16.41667   17.23222   18.23715   19.3574
   20.20284   20.40045   19.73074   18.66869   19.01122   28.50158
   44.92503   67.26417   96.77686  135.0311   183.87604  245.4648
  322.28767  417.21054  533.51741  674.95689  845.79258 1050.85779"
"   1.28849    1.36001    1.52875    1.76421    2.04812    2.36591
    2.70593    3.0598     3.42099    3.78335    4.13959    4.48115
    4.79974    5.09029    5.36272    5.6522     5.95417    6.25099
    6.55542    6.89392    7.24617    7.59429    7.93362    8.28059
    8.72593    9.16944    9.58957   10.01469   10.46072   10.98849
   11.53164   12.00269   12.38549   12.68466   12.93106   13.16354
   13.38614   13.58454   13.76847   14.00794   14.37065   14.78179
   15.15087   15.41593   15.58734   15.71938   15.80238   15.91117
   16.09312   16.25743   16.66981   17.56572   18.63806   19.79746
   20.65672   20.85061   20.15576   19.01922   19.15276   28.58605
   45.16088   67.69924   97.4634   136.02984  185.25744  247.31025
  324.69075  420.27841  537.37233  679.73783  851.65704 1057.9837 "
"   1.4389     1.50328    1.65723    1.87385    2.13687    2.43589
    2.75942    3.09774    3.44355    3.79049    4.13133    4.45766
    4.76136    5.03778    5.29883    5.57877    5.87012    6.15997
    6.47308    6.82176    7.18047    7.53543    7.88637    8.26924
    8.75224    9.21502    9.66692   10.13684   10.6561    11.24798
   11.80189   12.27751   12.66435   12.97068   13.22873   13.46927
   13.68925   13.87475   14.03607   14.2429    14.56119   14.92452
   15.25253   15.48146   15.62916   15.75472   15.83228   15.95958
   16.18238   16.40251   16.94331   17.9125    19.04852   20.24526
   21.12047   21.31444   20.59837   19.38719   19.30234   28.61948
   45.33012   68.05187   98.04984  136.90851  186.4962   248.9876
  326.89712  423.11748  540.96257  684.21411  857.17237 1064.71118"
"   1.60418    1.6618     1.80107    2.00091    2.24458    2.5232
    2.82785    3.14881    3.47807    3.8088     4.13359    4.44405
    4.7322     4.99407    5.24441    5.51562    5.79736    6.08505
    6.41171    6.77003    7.13573    7.49928    7.86649    8.30672
    8.81144    9.29784    9.78842   10.31434   10.9167    11.5369
   12.09837   12.57803   12.96888   13.28253   13.55101   13.79677
   14.01172   14.18264   14.31999   14.49268   14.76587   15.08043
   15.36635   15.55914   15.69036   15.80556   15.87663   16.02397
   16.28861   16.57296   17.23302   18.27071   19.46699   20.70016
   21.5937    21.79165   21.05864   19.77331   19.46435   28.60182
   45.43249   68.32171   98.53572  137.66654  187.59163  250.49605
  328.90579  425.7266   544.2868   688.38418  862.33681 1071.03823"
"   1.77896    1.83057    1.95601    2.14026    2.36685    2.62588
    2.91038    3.21242    3.52397    3.83765    4.14569    4.4396
    4.71156    4.95859    5.19925    5.46248    5.73633    6.02958
    6.37158    6.73913    7.11276    7.48752    7.87922    8.3804
    8.90587    9.42187    9.95987   10.55827   11.21927   11.85406
   12.42165   12.90496   13.29983   13.6208    13.89818   14.14651
   14.35429   14.50907   14.62121   14.75824   14.98558   15.25042
   15.49295   15.64986   15.7701    15.87102   15.93468   16.1034
   16.41078   16.76668   17.53601   18.63864   19.8922    21.16151
   22.07599   22.2819    21.53655   20.17819   19.64198   28.53329
   45.46788   68.50855   98.92074  138.30354  188.54324  251.83495
  330.71602  428.10486  547.34394  692.24678  867.1489  1076.96315"
"   1.95938    2.00562    2.11864    2.28815    2.49918    2.74065
    3.00559    3.28793    3.58074    3.87652    4.16705    4.44366
    4.69875    4.9309     5.16326    5.41934    5.68867    5.99634
    6.35291    6.72968    7.11279    7.50277    7.93797    8.48898
    9.03872    9.59237   10.19009   10.86357   11.55454   12.19962
   12.77244   13.25909   13.658     13.98608   14.27062   14.51911
   14.71779   14.85499   14.94076   15.04064   15.22131   15.43549
   15.63309   15.75675   15.86684   15.95046   16.00576   16.19689
   16.54789   16.98071   17.84993   19.01473   20.32301   21.6287
   22.56687   22.7848    22.032     20.60237   19.83763   28.41439
   45.43638   68.61235   99.20478  138.81931  189.35072  253.0039
  332.32726  430.25158  550.13316  695.80089  871.60742 1082.48451"
"   2.14265    2.18398    2.2861     2.44178    2.63815    2.86374
    3.1109     3.37411    3.64776    3.92486    4.19705    4.45554
    4.69312    4.91077    5.13651    5.38657    5.65839    5.98633
    6.35606    6.74263    7.13765    7.54955    8.05491    8.63473
    9.21436    9.81647   10.48655   11.21207   11.92067   12.57409
   13.15151   13.64127   14.04424   14.379     14.66888   14.91531
   15.10316   15.22143   15.27973   15.34099   15.47405   15.63669
   15.78774   15.88525   15.97956   16.04343   16.08928   16.3034
   16.69893   17.21182   18.17281   19.39755   20.75841   22.1011
   23.06585   23.29991   22.54478   21.04633   20.05371   28.24594
   45.33822   68.63323   99.38788  139.2138   190.01393  254.00267
  333.73917  432.16629  552.65383  699.04576  875.71143 1087.60118"
"   2.32667    2.36346    2.45602    2.59896    2.78139    2.99216
    3.22321    3.4688     3.72377    3.98182    4.23493    4.47449
    4.694      4.89829    5.11922    5.36555    5.65112    5.99966
    6.38168    6.77936    7.19009    7.63722    8.21372    8.82119
    9.43894   10.10299   10.8405    11.59591   12.31759   12.97821
   13.55975   14.05242   14.45945   14.80026   15.09362   15.33598
   15.51142   15.60949   15.63922   15.66047   15.74491   15.85521
   15.95835   16.03463   16.10769   16.14965   16.18467   16.42188
   16.86285   17.45698   18.50293   19.78579   21.1975    22.57808
   23.57239   23.82672   23.07461   21.51049   20.29321   28.02913
   45.17375   68.57144   99.47023  139.48713  190.53292  254.83121
  334.95161  433.84874  554.9056   701.98086  879.46026 1092.31232"
"   2.50983    2.54247    2.62662    2.75792    2.92713    3.12384
    3.33991    3.56929    3.80664    4.04589    4.27949    4.49946
    4.70071    4.8939     5.11182    5.36011    5.66988    6.03645
    6.43077    6.84188    7.27471    7.78777    8.413      9.05338
    9.72071   10.45446   11.23783   12.01322   12.74582   13.41286
   13.99812   14.49355   14.90456   15.25062   15.54564   15.78212
   15.94369   16.02033   16.02043   16.00036   16.03503   16.0923
   16.1474    16.2029    16.25092   16.26897   16.29147   16.55126
   17.03852   17.71348   18.83876   20.17823   21.63944   23.059
   24.08589   24.36471   23.62112   21.99529   20.55994   27.76564
   44.94346   68.42739   99.45218  139.63959  190.90793  255.48969
  335.96465  435.29891  556.88832  704.60593  882.8535  1096.61733"
"   2.69086    2.71981    2.79654    2.91729    3.07405    3.2573
    3.45911    3.67319    3.89383    4.11479    4.32888    4.529
    4.71257    4.89827    5.11551    5.37796    5.71463    6.09717
    6.50484    6.93329    7.40038    7.99717    8.65651    9.33828
   10.06709   10.85977   11.67269   12.46388   13.20614   13.87902
   14.46767   14.96574   15.3806    15.73094   16.02589   16.25481
   16.40115   16.45519   16.4246    16.362     16.34564   16.34942
   16.35838   16.38927   16.40922   16.40137   16.40927   16.69047
   17.22471   17.97894   19.17891   20.57378   22.08342   23.54318
   24.60574   24.91329   24.18385   22.5012    20.85889   27.4578
   44.648     68.20166   99.33421  139.67164  191.13934  255.97843
  336.77855  436.51697  558.60208  706.92094  885.89097 1100.5159 "
"   2.86877    2.89459    2.96479    3.07597    3.22102    3.39135
    3.57934    3.77856    3.98293    4.18597    4.38073    4.56127
    4.72917    4.91204    5.13398    5.4249     5.7849     6.18276
    6.60618    7.05872    7.58895    8.25264    8.95012    9.684
   10.47511   11.3086    12.14357   12.94845   13.69953   14.37777
   14.96954   15.47015   15.88862   16.24219   16.53539   16.75523
   16.88506   16.91538   16.85305   16.74678   16.67807   16.6282
   16.59316   16.59363   16.58273   16.54696   16.53778   16.83847
   17.42007   18.25126   19.52212   20.9714    22.52869   24.02997
   25.13128   25.47182   24.76227   23.02873   21.19833   27.10887
   44.28815   67.89493   99.11699  139.58388  191.22772  256.29795
  337.39378  437.50331  560.04716  708.92608  888.57278 1104.008  "
"   3.04282    3.06612    3.1306     3.23303    3.36705    3.52488
    3.69927    3.8837     4.07183    4.257      4.43263    4.59445
    4.75101    4.93642    5.17653    5.50074    5.88075    6.29489
    6.73844    7.22811    7.85042    8.55733    9.3014    10.09361
   10.93394   11.797     12.6505    13.46782   14.22709   14.91031
   15.50497   16.008     16.42976   16.78542   17.07532   17.28465
   17.39677   17.40226   17.30717   17.15622   17.03376   16.93059
   16.8518    16.81623   16.77174   16.70596   16.67682   16.99424
   17.62322   18.5286    19.86721   21.37018   22.97451   24.51868
   25.66181   26.03962   25.35578   23.57845   21.58519   26.7235
   43.86488   67.50806   98.8013   139.37706  191.1738   256.44895
  337.81096  438.25851  561.22409  710.6218   890.89926 1107.09387"
"   3.21236    3.23377    3.2932     3.38755    3.51105    3.65666
    3.81748    3.98697    4.1586     4.32576    4.48254    4.62757
    4.77995    4.97585    5.25136    5.60415    6.00312    6.43635
    6.90796    7.46527    8.16603    8.91783    9.71596   10.55996
   11.43685   12.32404   13.19416   14.02308   14.79006   15.47794
   16.07526   16.58061   17.00523   17.36181   17.64694   17.84443
   17.93767   17.91727   17.78842   17.59187   17.41428   17.25865
   17.13441   17.05761   16.97671   16.87872   16.82641   17.15684
   17.83276   18.80932   20.21306   21.76924   23.42018   25.00861
   26.19659   26.61599   25.96359   24.15092   22.01399   26.30841
   43.3793    67.04201   98.38806  139.05209  190.97847  256.43227
  338.03094  438.78336  562.1336   712.00875  892.871   1109.77397"
"   3.37682    3.39683    3.45172    3.53846    3.6518     3.7853
    3.93241    4.08662    4.24139    4.3904     4.52902    4.66153
    4.81934    5.04262    5.35789    5.73502    6.15417    6.61196
    7.12743    7.7847     8.53738    9.34062   10.19078   11.07499
   11.9815    12.89001   13.77557   14.6155    15.3898    16.08204
   16.68184   17.18935   17.61632   17.97263   18.2516    18.436
   18.50925   18.46189   18.29831   18.05537   17.82136   17.61417
   17.44149   17.31853   17.19822   17.06576   16.98673   17.32537
   18.04729   19.09192   20.55864   22.16771   23.86502   25.49905
   26.73486   27.20016   26.58484   24.74659   22.48226   25.87331
   42.83271   66.49785   97.87836  138.61004  190.64277  256.24896
  338.05472  439.07885  562.77664  713.08783  894.4888  1112.04904"
"   3.53549    3.55442    3.60505    3.68445    3.78779    3.90916
    4.0423     4.18084    4.31844    4.44943    4.57181    4.70049
    4.87748    5.146      5.49442    5.89488    6.33795    6.83049
    7.42582    8.16657    8.97051    9.82569   10.71804   11.63504
   12.56759   13.49577   14.396     15.24646   16.02776   16.72409
   17.32618   17.83567   18.26439   18.61924   18.89074   19.06086
   19.11302   19.03769   18.83841   18.54844   18.25688   17.99836
   17.77389   17.59998   17.43697   17.2676    17.15808   17.49901
   18.26548   19.37505   20.90295   22.56476   24.30834   25.98929
   27.27581   27.79132   27.2186    25.36574   22.98811   25.43152
   42.22655   65.87679   97.27339  138.05209  190.16789  255.9002
  337.88348  439.14613  563.15433  713.86013  895.75373 1113.92008"
"   3.68747    3.70538    3.75183    3.82395    3.9173     4.02639
    4.14528    4.26784    4.38819    4.50208    4.61327    4.75259
    4.97122    5.28438    5.66147    6.08724    6.56157    7.11019
    7.81299    8.61121    9.46717   10.36645   11.29308   12.23918
   13.19572   14.14252   15.05686   15.9175    16.7055    17.40566
   18.00986   18.52111   18.9509    19.30313   19.56591   19.7206
   19.75061   19.64626   19.41036   19.0729    18.72283   18.41208
   18.13263   17.90311   17.6938    17.48483   17.34088   17.67704
   18.48607   19.65744   21.24506   22.95958   24.74952   26.4786
   27.81863   28.38865   27.86394   26.00839   23.52963   24.99934
   41.56248   65.18018   96.5745   137.37958  189.55519  255.38736
  337.5186   438.98658  563.26804  714.327    896.66709 1115.38834"
"   3.83149    3.84826    3.89041    3.95519    4.03844    4.13508
    4.23949    4.34598    4.44961    4.54931    4.66123    4.83425
    5.107      5.45654    5.86203    6.31845    6.83829    7.4856
    8.26918    9.1205    10.02214   10.95752   11.91449   12.88777
   13.86698   14.83169   15.75973   16.63025   17.42466   18.12842
   18.73453   19.24725   19.67738   20.02584   20.27872   20.41686
   20.42365   20.28929   20.01585   19.63065   19.22119   18.85619
   18.51886   18.22925   17.96969   17.71811   17.53575   17.85889
   18.70791   19.93796   21.58405   23.35144   25.18791   26.96628
   28.36247   28.99126   28.51989   26.67444   24.10474   24.59413
   40.84237   64.40949   95.78313  136.59399  188.80614  254.71195
  336.9616   438.60171  563.1193   714.48995  897.23038 1116.45528"
"   3.96599    3.98135    4.01899    4.07626    4.1493     4.23336
    4.32328    4.41414    4.50304    4.59674    4.73259    4.96319
    5.28202    5.6646     6.10202    6.59969    7.19638    7.95111
    8.79189    9.69015   10.62985   11.59696   12.58249   13.58178
   14.58279   15.56491   16.50631   17.38643   18.18699   18.8941
   19.5019    20.01578   20.44546   20.78902   21.03084   21.15134
   21.13389   20.96849   20.65661   20.22347   19.75391   19.33166
   18.93382   18.5799    18.26575   17.96826   17.74345   18.04414
   18.92994   20.21553   21.91904   23.7396    25.62293   27.45158
   28.90646   29.59823   29.18546   27.36421   24.71129   24.23564
   40.06833   63.56633   94.90086  135.69691  187.9224   253.87563
  336.21417  437.99328  562.70985  714.35073  897.44532 1117.12262"
"   4.0892     4.10283    4.13572    4.18533    4.24808    4.31965
    4.39556    4.47247    4.55266    4.66104    4.85252    5.13919
    5.49701    5.91417    6.39172    6.95238    7.66378    8.4877
    9.37674   10.31472   11.28794   12.28483   13.29808   14.32256
   15.34476   16.34392   17.29842   18.18788   18.99433   19.70453
   20.3138    20.82843   21.25684   21.5944    21.82404   21.92584
   21.88309   21.68564   21.33446   20.8531    20.32282   19.83962
   19.37881   18.95668   18.58324   18.23624   17.96491   18.23257
   19.15122   20.48917   22.24919   24.12335   26.05399   27.93382
   29.44972   30.20863   29.85962   28.07641   25.34713   23.96785
   39.24277   62.65243   93.92937  134.69006  186.90572  252.88023
  335.27817  437.16315  562.04161  713.91127  897.31389 1117.39232"
"   4.19928    4.21089    4.23885    4.28077    4.33342    4.3931
    4.4567     4.52483    4.61393    4.77312    5.0286     5.3611
    5.75717    6.21518    6.74915    7.41399    8.21407    9.08827
   10.01834   10.99162   11.9963    13.02215   14.06265   15.11176
   16.1547    17.17061   18.13797   19.03652   19.8486    20.56162
   21.1721    21.68703   22.1133    22.44378   22.66014   22.74218
   22.67309   22.44259   22.05124   21.52137   20.92971   20.38138
   19.85519   19.36132   18.92357   18.52311   18.20126   18.42421
   19.37091   20.75799   22.57367   24.50199   26.48051   28.41227
   29.99136   30.82146   30.54132   28.80781   26.01023   23.96851
   38.36847   61.66966   92.87048  133.57532  185.75804  251.7277
  334.15563  436.11341  561.11668  713.17374  896.83826 1117.2666 "
"   4.29468    4.30409    4.32711    4.36163    4.40496    4.45472
    4.51126    4.58675    4.72238    4.95048    5.25862    5.63363
    6.07237    6.58389    7.20774    7.97679    8.83092    9.74722
   10.7141    11.72063   12.75593   13.81043   14.87791   15.95121
   17.01457   18.04698   19.02698   19.93438   20.7518    21.46736
   22.07874   22.59348   23.01672   23.33904   23.54105   23.60226
   23.50578   23.24122   22.80884   22.23006   21.57632   20.95846
   20.36435   19.79558   19.28831   18.83006   18.45378   18.61944
   19.58833   21.02119   22.89166   24.87484   26.90187   28.88625
   30.53049   31.43571   31.2295    29.55613   26.69887   24.17125
   37.44872   60.62      91.7261   132.35466  184.48137  250.42014
  332.84871  434.84627  559.93737  712.14047  896.02082 1116.74785"
"   4.37466    4.38191    4.40043    4.42866    4.46523    4.51118
    4.57744    4.69851    4.90541    5.19184    5.54671    5.96655
    6.45751    7.04801    7.7812     8.61049    9.50771   10.46203
   11.46379   12.50276   13.5684    14.6515    15.74575   16.84291
   17.92643   18.97514   19.96756   20.88356   21.70602   22.42381
   23.03577   23.54973   23.96904   24.28215   24.46873   24.50805
   24.38312   24.08346   23.60918   22.98098   22.26438   21.57257
   20.90777   20.2613    19.67918   19.15844   18.72397   18.81906
   19.8029    21.27805   23.20236   25.2412    27.31749   29.35508
   31.06622   32.05033   31.92305   30.31953   27.41184   24.47469
   36.48748   59.50558   90.4983   131.03018  183.07787  248.9598
  331.35973  433.36413  558.50614  710.81399  894.86411 1115.83866"
"   4.44098    4.44661    4.46225    4.48781    4.52578    4.58776
    4.70295    4.89593    5.16443    5.50068    5.90192    6.37286
    6.93537    7.632      8.4324     9.30581   10.24197   11.23255
   12.26847   13.33965   14.43565   15.54737   16.66824   17.78901
   18.89247   19.95729   20.96192   21.88625   22.71344   23.43312
   24.04527   24.55785   24.97229   25.27513   25.44522   25.46156
   25.30711   24.97131   24.45422   23.77591   22.99564   22.22564
   21.48696   20.76027   20.09808   19.5097    19.01361   19.0244
   20.01418   21.52793   23.50501   25.6004    27.72681   29.81813
   31.59768   32.66424   32.62086   31.09599   28.14866   24.87129
   35.48972   58.32868   89.1892   129.60409  181.54983  247.34904
  329.69114  431.66957  556.82562  709.19699  893.37096 1114.54194"
"   4.50449    4.51008    4.52813    4.56295    4.62724    4.74386
    4.92894    5.18271    5.50125    5.88337    6.33376    6.87106
    7.53323    8.30169    9.14718   10.06019   11.03369   12.05991
   13.12983   14.2333    15.35982   16.50023   17.6476    18.79177
   19.915     20.99574   22.01235   22.94471   23.7763    24.49751
   25.10942   25.61993   26.02856   26.32008   26.47259   26.46488
   26.27981   25.90679   25.34595   24.61664   23.77189   22.91988
   22.10352   21.29431   20.54704   19.88546   19.3239    19.23744
   20.22189   21.7703    23.79883   25.95173   28.12928   30.27481
   32.12401   33.27634   33.3218    31.88341   28.90984   25.37672
   34.46197   57.09172   87.80109  128.07868  179.89965  245.59038
  327.84557  429.76528  554.89861  707.29241  891.54437 1112.86078"
"   4.60842    4.6176     4.65171    4.7209     4.83935    5.0167
    5.25527    5.55468    5.9159     6.34454    6.85809    7.48863
    8.2231     9.03719    9.92268   10.87379   11.88412   12.94591
   14.04998   15.18597   16.34321   17.51241   18.68618   19.85358
   20.9964    22.09289   23.12123   24.06132   24.89692   25.61926
   26.23046   26.73819   27.14004   27.41917   27.55302   27.52015
   27.30333   26.892     26.28637   25.50497   24.595     23.65771
   22.75915   21.86521   21.0282    20.28748   19.65604   19.46093
   20.42591   22.00468   24.08307   26.29449   28.52436   30.72449
   32.64437   33.88553   34.02471   32.67994   29.69669   25.98668
   33.41322   55.79729   86.33634  126.45638  178.12988  243.68647
  325.82575  427.65411  552.7281   705.10333  889.3875  1110.79841"
"   4.81338    4.8361     4.89829    5.00758    5.17007    5.38898
    5.66614    6.00428    6.41021    6.90125    7.50222    8.20128
    8.98103    9.83514   10.75916   11.74797   12.79515   13.89272
   15.03123   16.20005   17.38827   18.58636   19.78645   20.97693
   22.13918   23.25121   24.29102   25.2385    26.07772   26.80075
   27.41071   27.91489   28.30897   28.57463   28.68872   28.62955
   28.37984   27.92906   27.27753   26.44276   25.46666   24.44168
   23.45566   22.47474   21.5438    20.71767   20.01147   19.69855
   20.62631   22.23074   24.35702   26.62797   28.9115    31.16656
   33.15796   34.49068   34.72842   33.48385   30.51065   26.67238
   32.3565    54.44816   84.79743  124.7397   176.24318  241.64008
  323.6346   425.33906  550.31723  702.63299  886.9037  1108.35828"
"   5.11827    5.16172    5.25177    5.39275    5.58801    5.84049
    6.1543     6.5376     7.00741    7.57885    8.24102    8.98382
    9.80317   10.6959    11.65814   12.68474   13.76904   14.90276
   16.07611   17.27811   18.49756   19.72465   20.95098   22.16441
   23.34592   24.47327   25.52427   26.47877   27.32118   28.04442
   28.65256   29.15237   29.53766   29.78877   29.88197   29.79536
   29.51156   29.02014   28.32148   27.43192   26.38855   25.27439
   24.19503   23.12467   22.09609   21.17811   20.39181   19.95512
   20.82341   22.4482    24.61997   26.95145   29.29015   31.60044
   33.66401   35.09067   35.43175   34.29352   31.35215   27.41893
   31.31136   53.04732   83.18696  122.9313   174.24229  239.45405
  321.27511  422.82331  547.66928  699.88478  884.09653 1105.54411"
"   5.51273    5.57647    5.69117    5.85992    6.0863     6.37562
    6.7373     7.18528    7.72421    8.34744    9.05082    9.83231
   10.68999   11.62111   12.62173   13.68647   14.80832   15.97863
   17.18724   18.42281   19.67378   20.92996   22.18248   23.4187
   24.61929   25.76173   26.82361   27.78474   28.62986   29.35278
   29.95846   30.45304   30.82851   31.06397   31.13513   31.01988
   30.70077   30.16746   29.42034   28.47441   27.36249   26.15827
   24.97945   23.81679   22.68732   21.67103   20.79883   20.23805
   21.0178    22.65697   24.87126   27.2642    29.65974   32.02562
   34.1618    35.68438   36.13346   35.10737   32.22021   28.2156
   30.30663   51.59803   81.50763  121.03389  172.13003  237.13137
  318.7504   420.11016  544.78766  696.86232  880.96977 1102.35982"
"   6.00413    6.08509    6.22294    6.42112    6.6854     7.02398
    7.44345    7.9446     8.52618    9.18756    9.92825   10.74739
   11.64325   12.61299   13.6524    14.75574   15.91565   17.12307
   18.36741   19.63693   20.91968   22.20507   23.48371   24.74258
   25.96206   27.11933   28.19174   29.15907   30.0064    30.72843
   31.33096   31.81939   32.18398   32.40265   32.4506    32.30549
   31.9498    31.37328   30.57624   29.57227   28.39038   27.09558
   25.81138   24.55294   23.31973   22.19882   21.23442   20.55481
   21.21054   22.85704   25.11026   27.56546   30.01967   32.44161
   34.65065   36.27071   36.83232   35.92386   33.11321   29.05393
   29.38167   50.10384   79.76226  119.05031  169.90934  234.67513
  316.06372  417.20302  541.67596  693.56939  877.52732 1098.80944"
"   6.61492    6.71133    6.87357    7.10488    7.40904    7.78904
    8.24676    8.78345    9.4       10.09694   10.87421   11.73095
   12.66529   13.67409   14.75282   15.89533   17.09386   18.33891
   19.61946   20.92333   22.23816   23.55284   24.85755   26.13892
   27.37707   28.54889   29.63146   30.60453   31.45351   32.17403
   32.77265   33.25399   33.6066    33.80733   33.83086   33.65461
   33.26103   32.63991   31.79139   30.7276    29.4742    28.08842
   26.69365   25.335     23.99546   22.764     21.70067   20.90452
   21.40323   23.04859   25.3364    27.8545    30.36933   32.84793
   35.12989   36.84861   37.52706   36.7415    34.03002   29.92694
   28.58873   48.56874   77.95378  116.98349  167.58328  232.08856
  313.21845  414.10542  538.33796  690.00988  873.77322 1094.89716"
"   7.34679    7.45781    7.64067    7.89704    8.22884    8.63795
    9.12607    9.69465   10.34472   11.07681   11.89075   12.78546
   13.75876   14.8072    15.92583   17.10813   18.34586   19.6291
   20.94636   22.285     23.63216   24.97625   26.30697   27.61067
   28.86726   30.05331   31.14565   32.12394   32.97398   33.69232
   34.28623   34.75947   35.09898   35.28058   35.27844   35.06976
   34.6369    33.96971   33.06805   31.94256   30.61602   29.13883
   27.62947   26.16497   24.71664   23.36918   22.19978   21.28908
   21.59841   23.23199   25.5492    28.13056   30.70806   33.24416
   35.59886   37.41705   38.21639   37.55881   34.9645    30.82892
   28.03811   46.99726   76.08524  114.83645  165.155    229.375
  310.21812  410.82103  534.77753  686.18781  869.71172 1090.62746"
"   8.16933    8.29352    8.49355    8.77059    9.1261     9.56163
   10.07867   10.67848   11.36195   12.12941   12.98042   13.91362
   14.9265    16.01521   17.17441   18.39713   19.67469   20.99669
   22.35115   23.72496   25.10474   26.47836   27.83502   29.16087
   30.43563   31.63557   32.73723   33.72021   34.57068   35.2861
   35.87443   36.33853   36.66379   36.82503   36.79594   36.55347
   36.07991   35.3651    34.40852   33.2194    31.81797   30.24895
   28.6223    27.04497   25.48531   24.01703   22.73415   21.70887
   21.79993   23.4078    25.74827   28.39288   31.03518   33.62986
   36.05699   37.97508   38.899     38.37434   35.91156   31.75545
   27.95993   45.39469   74.15985  112.61231  162.62774  226.53789
  307.06641  407.35367  530.99866  682.1074   865.34726 1086.00499"
"   9.07042    9.20713    9.42336    9.72007   10.09849   10.55996
   11.10574   11.73691   12.4541    13.25739   14.14605   15.11838
   16.1715    17.30117   18.50163   19.76544   21.08345   22.44479
   23.83697   25.24637   26.65905   28.0623    29.44485   30.79264
   32.08529   33.29875   34.40926   35.39635   36.24655   36.95827
   37.5401    37.99396   38.30377   38.44339   38.38603   38.10837
   37.5926    36.82854   35.81519   34.56041   33.08225   31.42075
   29.6755    27.97731   26.30352   24.71021   23.30633   22.16363
   22.01367   23.57682   25.93332   28.64073   31.34998   34.00462
   36.50372   38.52183   39.57357   39.18667   36.86685   32.70358
   28.23435   43.76746   72.18093  110.31427  160.00483  223.58071
  303.76699  403.70733  527.00543  677.77303  860.68446 1081.03455"
"  10.04854   10.19752   10.42971   10.74594   11.14724   11.63477
   12.20958   12.8725    13.62394   14.46365   15.39062   16.40278
   17.49686   18.66822   19.91063   21.21622   22.57534   23.97661
   25.40703   26.85242   28.29829   29.7313    31.13967   32.5092
   33.81942   35.04598   36.16484   37.1554    38.00461   38.71179
   39.28612   39.72861   40.02174   40.13845   40.05144   39.73712
   39.1776    38.36257   37.2905    35.96798   34.41114   32.65613
   30.79203   28.96461   27.17328   25.45136   23.91902   22.6544
   22.24816   23.7401    26.10428   28.87336   31.65169   34.36799
   36.93857   39.05648   40.23877   39.9944    37.82678   33.67232
   28.74388   42.12371   70.15197  107.94564  157.28969  220.50704
  300.32361  399.88604  522.80213  673.18925  855.72799 1075.72102"
"  11.10485   11.26606   11.51428   11.85018   12.27463   12.78858
   13.39289   14.08813   14.87442   15.75125   16.71725   17.76997
   18.90578   20.11957   21.40468   22.75275   24.15363   25.59542
   27.0646    28.54641   30.02576   31.48866   32.92279   34.31383
   35.64127   36.8805    38.00715   39.00053   39.84795   40.54969
   41.11548   41.54541   41.82059   41.91303   41.79496   41.44248
   40.83757   39.96977   38.83696   37.44454   35.80698   33.95714
   31.97434   30.00988   28.09668   26.243     24.57506   23.18281
   22.51501   23.89902   26.26127   29.0901    31.93953   34.71953
   37.36108   39.57826   40.89327   40.79613   38.78855   34.66322
   29.47249   40.47427   68.07667  105.50981  154.48583  217.32059
  296.7402   395.89391  518.3932   668.36064  850.48269 1070.06948"
"  12.24146   12.41499   12.67947   13.03536   13.48337   14.02425
   14.65862   15.38682   16.20868   17.12336   18.12914   19.22322
   20.40152   21.65852   22.98709   24.37835   25.82167   27.3046
   28.81305   30.33171   31.84484   33.33776   34.79759   36.20989
   37.55418   38.80562   39.93947   40.93496   41.77975   42.47509
   43.03123   43.44736   43.70326   43.77006   43.61945   43.22725
   42.57526   41.65281   40.45716   38.99261   37.27219   35.32597
   33.22457   31.11674   29.07586   27.08758   25.27741   23.75084
   22.82912   24.05536   26.4047    29.29028   32.21269   35.05871
   37.77088   40.08646   41.53579   41.59049   39.74973   35.67958
   30.34441   38.83441   65.95892  103.01027  151.59683  214.02514
  293.02078  391.73515  513.78319  663.2919   844.95358 1064.08531"
"  13.4609    13.64696   13.928     14.30432   14.7764    15.34479
   16.00989   16.77174   17.62991   18.58322   19.6296    20.76584
   21.98746   23.28846   24.66125   26.09645   27.58288   29.10755
   30.65582   32.21175   33.75897   35.28206   36.76753   38.20084
   39.56158   40.8247    41.96515   42.96198   43.80327   44.49117
   45.03649   45.43754   45.67279   45.71251   45.52784   45.09429
   44.39345   43.41439   42.15373   40.61476   38.80926   36.76489
   34.54474   32.28936   30.11306   27.98745   26.02909   24.36082
   23.21293   24.21143   26.53542   29.47332   32.47034   35.38499
   38.16759   40.58049   42.16508   42.3761    40.70814   36.72352
   31.31058   37.22667   63.8029   100.4506   148.62636  210.62456
  289.16948  387.41412  508.97666  657.98794  839.1459  1057.77398"
"  14.76593   14.96481   15.26283   15.66006   16.1568    16.75336
   17.44988   18.24616   19.14143   20.13419   21.222     22.40124
   23.667     25.01283   26.43063   27.91051   29.44074   31.00779
   32.5964    34.19005   35.77166   37.32508   38.83615   40.29021
   41.66698   42.94124   44.0876    45.08498   45.92182   46.6012
   47.13447   47.51909   47.73228   47.74344   47.52314   47.04654
   46.29502   45.25732   43.92941   42.31366   40.42074   38.27627
   35.93693   33.53214   31.21074   28.9449    26.83315   25.0153
   23.66913   24.37044   26.6549    29.63871   32.71163   35.69773
   38.55091   41.05985   42.78002   43.15158   41.66176   37.79371
   32.34364   35.68504   61.61313   97.8345   145.57816  207.1228
  285.1905   382.93528  503.97831  652.45382  833.06499 1051.14104"
"  16.15948   16.37155   16.68702   17.10574   17.62777   18.2532
   18.98191   19.81341   20.74661   21.77968   22.90978   24.1329
   25.44366   26.83515   28.29876   29.82408   31.39882   33.00887
   34.63839   36.27019   37.88651   39.47042   41.00707   42.4816
   43.87394   45.15876   46.31034   47.30743   48.13881   48.80852
   49.32844   49.69524   49.88491   49.86596   49.6084    49.08701
   48.2829    47.18445   45.78698   44.09202   42.10927   39.86258
   37.40337   34.84897   32.37162   29.96216   27.69259   25.71711
   24.18918   24.53702   26.76611   29.78607   32.93572   35.99625
   38.92053   41.52408   43.37948   43.91551   42.6087    38.88703
   33.42545   34.25959   59.39459   95.16576  142.45607  203.52389
  281.08813  378.30332  498.79294  646.69475  826.71619 1044.19212"
"  17.64458   17.87027   18.20373   18.64455   19.19258   19.84764
   20.60934   21.47689   22.4489    23.52317   24.69645   25.96434
   27.32099   28.759     30.26924   31.84077   33.46075   35.11444
   36.78541   38.45581   40.10719   41.72177   43.28396   44.77869
   46.18613   47.4809    48.63695   49.63286   50.45774   51.11655
   51.62177   51.96929   52.13391   52.08327   51.78676   51.21876
   50.36008   49.19871   47.72931   45.95264   43.87754   41.52634
   38.94628   36.2428    33.59888   31.0415    28.6103    26.46923
   24.76466   24.7184    26.87147   29.91518   33.14177   36.27979
   39.27617   41.97281   43.9624    44.6665    43.54717   40.00049
   34.54303   33.02245   57.15284   92.4483   139.26399  199.83193
  276.8667   373.52292  493.4255   640.71593  820.105   1036.93313"
"  19.22434   19.46416   19.81619   20.27981   20.85457   21.54005
   22.33559   23.24009   24.25181   25.36819   26.58559   27.89917
   29.30261   30.78801   32.34574   33.96428   35.6302    37.3282
   39.04119   40.75066   42.43741   44.08286   45.67059   47.18525
   48.60729   49.91135   51.07109   52.06489   52.88216   53.5288
   54.01788   54.34461   54.48262   54.39863   54.06143   53.44494
   52.52965   51.3031    49.75931   47.89836   45.72831   43.2702
   40.56774   37.71582   34.89638   32.18519   29.58907   27.27484
   25.39312   24.92627   26.97205   30.026     33.32898   36.54752
   39.6175    42.40572   44.52791   45.40314   44.47549   41.12473
   35.68684   32.1045    54.89429   89.68617  136.00589  196.05108
  272.53066  368.59866  487.88117  634.52262  813.23713 1029.37019"
"  20.90193   21.15645   21.52773   22.01485   22.61715   23.3339
   24.16417   25.10652   26.1589    27.31834   28.58082   29.94103
   31.3922    32.9259    34.53197   36.19832   37.91095   39.65392
   41.4095    43.1585    44.88098   46.55749   48.17077   49.70511
   51.14124   52.45391   53.61652   54.60722   55.41571   56.04884
   56.5203    56.82466   56.93443   56.81539   56.43568   55.76877
   54.79474   53.50068   51.88      49.93213   47.66444   45.09683
   42.27013   39.26998   36.26893   33.39564   30.63156   28.13722
   26.07456   25.17917   27.07012   30.1188    33.49657   36.79857
   39.94418   42.82254   45.07524   46.12401   45.39204   42.25215
   36.85007   31.78084   52.62656   86.88357  132.68582  192.18561
  268.08451  363.53535  482.16519  628.12028  806.11851 1021.5095 "
"  22.68059   22.95045   23.34168   23.8531    24.48377   25.23269
   26.0986    27.07978   28.17379   29.37729   30.68583   32.09366
   33.5935    35.17643   36.83173   38.54672   40.30681   42.09543
   43.89418   45.6832    47.44176   49.14956   50.78842   52.34218
   53.79187   55.11244   56.27705   57.26363   58.06213   58.68032
   59.1326    59.41297   59.49281   59.33696   58.91286   58.19351
   57.15856   55.79461   54.09446   52.05694   49.68884   47.00904
   44.05592   40.90724   37.72198   34.6754    31.7403    29.05969
   26.81024   25.50375   27.16868   30.19415   33.64385   37.03202
   40.2558    43.22304   45.60379   46.82772   46.29528   43.3771
   38.02876   32.04065   50.35909   84.04488  129.30793  188.2398
  263.53283  358.3379   476.28257  621.51449  798.75509 1013.35723"
"  24.5636    24.8495    25.26146   25.79801   26.45794   27.23996
   28.1425    29.1635    30.30015   31.54874   32.90436   34.36081
   35.91032   37.54343   39.24885   41.01334   42.82167   44.65663
   46.49916   48.32868   50.12368   51.86299   53.52748   55.10044
   56.56315   57.89088   59.05659   60.03798   60.82522   61.427
   61.85847   62.11314   62.1613    61.96681   61.49641   60.72254
   59.62441   58.1881    56.40583   54.27588   51.80448   49.00967
   45.92774   42.62971   39.26054   36.02731   32.91776   30.04557
   27.60223   25.9394    27.27152   30.25312   33.77021   37.2469
   40.55184   43.60704   46.11309   47.51285   47.18375   44.49568
   39.22255   32.71212   48.10408   81.1747   125.87642  184.21805
  258.88029  353.0113   470.23861  614.71108  791.15279 1004.9197 "
" 26.55429  26.857    27.29051  27.85309  28.54322  29.35932  30.2995
  31.36136  32.54172  33.83644  35.2402   36.74631  38.3465   40.03077
  41.78725  43.6021   45.45947  47.34148  49.22841  51.09892  52.93075
  54.70182  56.392    57.98393  59.45913  60.79325  61.95912  62.9342
  63.70886  64.29268  64.70164  64.92886  64.94353  64.70852  64.18981
  63.35928  62.19564  60.68444  58.81733  56.59208  54.01444  51.10166
  47.8883   44.4397   40.88812  37.45469  34.16638  31.0981   28.45314
  26.50191  27.38353  30.29737  33.87517  37.44227  40.8317   43.97436
  46.60283  48.17808  48.05599  45.60475  40.43513  33.6881   45.87819
  78.27786 122.3956  180.12478 254.1316  347.5606  464.0387  607.71586
 783.31767 996.20347"
" 28.65601  28.97637  29.43232  30.02187  30.74319  31.59441  32.5733
  33.6771   34.90225  36.24421  37.69721  39.25405  40.90596  42.64239
  44.45088  46.31699  48.22422  50.15402  52.08596  53.99799  55.86703
  57.6701   59.38606  60.99679  62.48394  63.82365  64.98871  65.95632
  66.71701  67.28126  67.66595  67.86388  67.84319  67.56572  66.99664
  66.10723  64.87568  63.287    61.33227  59.00878  56.32183  53.28802
  49.94042  46.3398   42.60692  38.96163  35.4886   32.22037  29.36596
  27.16075  27.51152  30.32937  33.95841  37.61714  41.09469  44.32485
  47.07279  48.8222   48.91062  46.70162  41.67116  34.82973  43.7052
  75.35956 118.86986 175.9645  249.29154 341.99091 457.68836 600.5345
 775.25598 987.2153 "
" 30.87217  31.21107  31.69042  32.30794  33.0615   33.94891  34.96762
  36.11449  37.38558  38.77592  40.27927  41.88796  43.59267  45.38229
  47.24378  49.16206  51.11998  53.09831  55.07592  57.02999  58.93665
  60.77199  62.51382  64.14319  65.64178  66.98626  68.1495   69.10844
  69.85373  70.39673  70.75531  70.92207  70.86407  70.54212  69.92055
  68.96998  67.66805  65.99922  63.95401  61.52926  58.72988  55.57186
  52.087    48.33245  44.41871  40.55344  36.88695  33.41535  30.34396
  27.89733  27.666    30.35276  34.01985  37.77058  41.33998  44.65834
  47.52286  49.44413  49.74623  47.78393  42.93077  36.07196  41.62029
  72.42541 115.30368 171.74177 244.36495 336.30741 451.19315 593.1729
 766.97413 977.96204"
" 33.20619  33.56461  34.06838  34.71492  35.50183  36.42657  37.48624
  38.67736  39.99557  41.43546  42.99033  44.65201  46.41063  48.25452
  50.17001  52.14141  54.15088  56.17852  58.20245  60.19911  62.1438
  64.01168  65.77951  67.42738  68.9369   70.28534  71.4457   72.39473
  73.12314  73.64315  73.97371  74.10732  74.01003  73.64152  72.96525
  71.95118  70.57634  68.82462  66.686    64.1569   61.24184  57.95633
  54.33105  50.42018  46.3253   42.23668  38.36411  34.68584  31.39057
  28.70551  27.86479  30.37319  34.05968  37.9017   41.56668  44.97463
  47.95299  50.04296  50.56144  48.84955  44.20986  37.37812  39.67561
  69.48158 111.70167 167.46121 239.35671 330.51535 444.55875 585.63707
 758.47877 968.4504 "
" 35.66153  36.04051  36.56977  37.24647  38.06787  39.03113  40.13299
  41.36957  42.73612  44.22679  45.83439  47.55024  49.36392  51.26317
  53.23372  55.2592   57.32111  59.39884  61.46978  63.5096   65.49274
  67.39346  69.18742  70.85369  72.37366  73.72521  74.88163  75.81946
  76.52945  77.02466  77.32522  77.42366  77.28498  76.86777  76.13455
  75.05456  73.60421  71.76679  69.53177  66.89514  63.86109  60.44468
  56.67566  52.60573  48.32876  44.01763  39.92303  36.03455  32.50928
  29.58363  28.13841  30.39953  34.07848  38.00968  41.7738   45.27345
  48.36319  50.61797  51.35483  49.89654  45.50484  38.72523  37.94777
  66.53505 108.06856 163.1275  234.27178 324.62001 437.7908  577.93314
 749.77628 958.68724"
" 38.24168  38.64234  39.19824  39.90627  40.76338  41.7664   42.9117
  44.19502  45.6112   47.15391  48.81549  50.58673  52.45665  54.4124
  56.43907  58.51964  60.63491  62.76355  64.88221  66.96575  68.9878
  70.92165  72.7419   74.4265   75.95647  77.31029  78.46166  79.38697
  80.07696  80.5455   80.814    80.87515  80.69296  80.22483  79.43234
  78.28393  76.75539  74.8294   72.4949   69.7475   66.59106  63.04023
  59.12399  54.89197  50.43138  45.90038  41.56714  37.4641   33.70357
  30.53228  28.53408  30.43489  34.0773   38.09381  41.96029  45.55442
  48.75347  51.16865  52.12498  50.92313  46.80439  40.09787  36.56181
  63.59385 104.40923 158.7454  229.11515 318.62674 430.89504 570.06736
 740.87313 948.67962"
" 40.95013  41.37366  41.95743  42.69804  43.59214  44.63622  45.82628
  47.15767  48.62479  50.22086  51.93772  53.76561  55.693    57.70642
  59.79032  61.92701  64.09658  66.27698  68.44407  70.57194  72.63336
  74.60067  76.44736  78.15025  79.6898   81.04506  82.19025  83.10168
  83.77003  84.20997  84.44429  84.46596  84.23805  83.71672  82.86255
  81.64318  80.03371  78.0162   75.57908  72.71757  69.43524  65.74639
  61.67932  57.28191  52.63572  47.88701  43.30072  38.97711  34.97684
  31.5533   29.11824  30.48431  34.05783  38.15353  42.12508  45.81707
  49.12387  51.69473  52.8705   51.92775  48.09795  41.48565  35.76128
  60.6676  100.72874 154.31972 223.89187 312.54095 423.87725 562.0461
 731.776   938.43476"
" 43.79043  44.2381   44.85102  45.62553  46.55796  47.64445  48.88065
  50.26149  51.78092  53.43172  55.20519  57.09105  59.07718  61.14948
  63.29176  65.48563  67.71048  69.9435   72.15978  74.3326   76.43386
  78.43496  80.30829  82.02945  83.57821  84.93407  86.07194  86.96808
  87.61313  88.02248  88.22041  88.20035  87.92442  87.34755  86.42924
  85.13628  83.44306  81.33101  78.78805  75.80902  72.39722  68.56664
  64.34498  59.77868  54.94448  49.97901  45.12955  40.57625  36.33232
  32.64935  29.86378  30.5553   34.02261  38.18846  42.26709  46.06076
  49.4744   52.1961   53.59008  52.90889  49.37872  42.88254  35.79321
  57.76828  97.03235 149.85534 218.60703 306.36809 416.74331 553.8755
 722.49165 927.96018"
" 46.76612  47.23928  47.88272  48.69251  49.66468  50.79501  52.07877
  53.51049  55.08368  56.79061  58.6221   60.56728  62.61345  64.74589
  66.94772  69.19988  71.48102  73.76755  76.0338   78.25221  80.39382
  82.42906  84.32922  86.06866  87.62629  88.98197  90.11134  90.99077
  91.61079  91.9875   92.14676  92.08263  91.75633  91.1215   90.13651
  88.76727  86.98742  84.77774  82.12565  79.02562  75.48067  71.50453
  67.1244   62.3855   57.36084  52.17803  47.06134  42.26432  37.77309
  33.82356  30.7209   30.65886  33.97523  38.1985   42.38524  46.28473
  49.80507  52.67287  54.2825   53.86507  50.64218  44.28752  36.45761
  54.91138  93.32562 145.35721 213.26578 300.11365 409.49912 545.56189
 713.02696 917.26308"
" 49.88077  50.38085  51.05624  51.90277  52.91616  54.09182  55.42465
  56.90874  58.53717  60.30171  62.19265  64.19856  66.30613  68.49999
  70.76261  73.0742   75.41266  77.75364  80.07067  82.33534  84.51781
  86.58756  88.51476  90.27251  91.83872  93.19344  94.31314  95.17441
  95.76764  96.1096   96.22783  96.11722  95.73811  95.04282  93.98856
  92.54027  90.67084  88.36038  85.59579  82.37118  78.68933  74.5637
  70.02109  65.10569  59.8875   54.4861   49.10385  44.04437  39.30211
  35.07936  31.6725   30.81304  33.92075  38.18385  42.47854  46.48809
  50.11581  53.12524  54.94673  54.7949   51.88483  45.70497  37.57215
  52.11793  89.61444 140.83037 207.87331 293.78317 402.15066 537.11169
 703.38915 906.35068"
" 53.13797  53.66647  54.37535  55.26016  56.3163   57.53884  58.92229
  60.46032  62.14554  63.96921  65.9211   67.98919  70.15956  72.4162
  74.74087  77.11305  79.50991  81.90632  84.27495  86.58658  88.81047
  90.91511  92.86958  94.6457   96.22025  97.57327  98.68212  99.52373
 100.08837 100.39342 100.46819 100.3086   99.87419  99.11588  97.98966
  96.4595   94.49745  92.08298  89.20245  85.84961  82.027    77.74787
  73.03865  67.94267  62.52749  56.90555  51.26174  45.91993  40.92222
  36.42031  32.7122   31.05055  33.86625  38.14515  42.54606  46.66983
  50.40648  53.55353  55.58188  55.69709  53.10378  47.14011  38.91523
  49.41757  85.90514 136.27997 202.43484 287.38223 394.70394 528.53138
 693.58502 895.23044"
" 56.54132  57.09985  57.84381  58.7685   59.86901  61.14007  62.57577
  64.16936  65.91296  67.79735  69.81174  71.94352  74.17815  76.49895
  78.88698  81.32099  83.77737  86.23018  88.6513   91.01061  93.27648
  95.41643  97.39842  99.19297 100.77565 102.12628 103.22312 104.04355
 104.57778 104.84369 104.87251 104.66136 104.16906 103.34509 102.14417
 100.52922  98.47147  95.94968  92.9497   89.4649   85.4976   81.06083
  76.18075  70.89995  65.28399  59.43901  53.53675  47.89539  42.63621
  37.84997  33.83834  31.4286   33.8227   38.08358  42.58699  46.82884
  50.67685  53.95808  56.18737  56.57034  54.29658  48.59213  40.38431
  46.85317  82.20467 131.71124 196.95566 280.91645 387.16499 519.82751
 683.62144 883.90992"
" 60.09442  60.68468  61.46541  62.43167  63.57825  64.89952  66.38916
  68.03999  69.84366  71.79041  73.8689   76.06594  78.36634  80.75273
  83.20548  85.70258  88.21963  90.7299   93.2044   95.61215  97.9206
 100.09628 102.10605 103.91914 105.50978 106.85739 107.94105 108.73878
 109.24072 109.46524 109.44552 109.18016 108.6273  107.73497 106.45652
 104.75382 102.5972   99.96472  96.84168  93.22112  89.10509  84.50647
  79.45115  73.98114  68.16033  62.08936  55.92999  49.97696  44.44692
  39.37181  35.05164  32.04158  33.80463  38.00104  42.60071  46.96396
  50.92653  54.33921  56.76283  57.4134   55.46115  50.05623  41.92525
  44.4869   78.52077 127.12956 191.44108 274.39147 379.5399  511.00666
 673.50549 872.39676"
" 63.80092  64.42467  65.24394  66.25355  67.44798  68.82122  70.36658
  72.07641  73.94187  75.9527   78.09697  80.36089  82.72861  85.18209
  87.70096  90.26246  92.84139  95.41018  97.939   100.39598 102.74763
 104.9595  106.99734 108.82907 110.42756 111.77156 112.84091 113.61439
 114.08215 114.26296 114.19206 113.86974 113.25358 112.2901  110.93124
 109.13774 106.87901 104.13238 100.88263  97.1224   92.85352  88.08873
  82.85369  77.18994  71.15996  64.85967  58.44293  52.17352  46.35726
  40.9892   36.35417  32.88915  33.81786  37.90035  42.58683  47.07402
  51.15498  54.69719  57.30821  58.22503  56.59556  51.52695  43.50634
  42.41043  74.86231 122.54046 185.8965  267.81298 371.8348  502.07543
 663.24433 860.69906"
" 67.66443  68.32357  69.18324  70.23805  71.48217  72.90925  74.51216
  76.28282  78.21188  80.28856  82.50034  84.83281  87.26948  89.79159
  92.37804  95.0053   97.64735 100.27579 102.85991 105.36694 107.76245
 110.01099 112.0772  113.92771 115.53395 116.87382 117.92776 118.67543
 119.10709 119.24184 119.11703 118.73493 118.05264 117.01515 115.57292
 113.6855  111.32135 108.45707 105.07685 101.17297  96.74705  91.81166
  86.3923   80.53011  74.28645  67.7532   61.07755  54.49464  48.37039
  42.70532  37.7488   33.88553  33.87396  37.78549  42.54526  47.15784
  51.3615   55.03224  57.82372  59.00408  57.69811  52.98956  45.10759
  40.7722   71.2397  117.94965 180.32734 261.1867  364.05582 493.04048
 652.84517 848.82434"
" 71.68861  72.38509  73.28713  74.38909  75.68485  77.16768  78.83007
  80.66345  82.65799  84.80236  87.08344  89.48622  91.99351  94.58586
  97.24141  99.93583 102.6423  105.33155 107.97198 110.52992 112.96998
 115.2557  117.35062 119.22006 120.83398 122.16926 123.20672 123.92705
 124.32065 124.40694 124.22544 123.78065 123.02933 121.91488 120.38624
 118.40171 115.92877 112.94323 109.42872 105.37715 100.78989  95.67938
  90.07098  84.00553  77.54345  70.77356  63.83628  56.94551  50.48988
  44.52328  39.23887  35.00068  33.99274  37.66203  42.47626  47.21433
  51.54521  55.34448  58.30981  59.74948  58.76734  54.43279  46.71643
  39.84329  67.66565 113.36308 174.73909 254.51836 356.20916 483.90847
 642.31526 836.78018"
" 75.8771   76.61301  77.55945  78.71059  80.06001  81.60062  83.32448
  85.22257  87.28454  89.4985   91.85077  94.32565  96.90531  99.56955
 102.29576 105.05881 107.83104 110.58231 113.28012 115.88987 118.37521
 120.69865 122.82262 124.71116 126.33275 127.66302 128.683   129.37443
 129.72801 129.76342 129.52238 129.01189 128.18855 126.99414 125.37598
 123.29108 120.70589 117.59542 113.94273 109.73932 104.98633  99.69608
  93.89383  87.62016  80.93474  73.92393  66.72187  59.52734  52.72022
  46.44607  40.82794  36.22303  34.21087  37.53758  42.38062  47.24247
  51.7051   55.63391  58.7671   60.4603   59.80192  55.85013  48.32657
  39.90133  64.15621 108.78702 169.13731 247.81375 348.301   474.68612
 631.66188 824.57443"
" 80.23357  81.01106  82.00406  83.20652  84.61172  86.2122   87.99961
  89.96446  92.09588  94.38143  96.80681  99.35568 102.00951 104.74737
 107.54587 110.37906 113.21844 116.03299 118.78929 121.45179 123.98316
 126.3449  128.4983  130.40614 132.03538 133.36031 134.36187 135.02286
 135.33445 135.31651 135.013   134.43375 133.53531 132.25783 130.54697
 128.35836 125.6574  122.41827 118.62341 114.26394 109.34077 103.86607
  97.86503  91.37805  84.46419  77.20785  69.73737  62.24074  55.06785
  48.47669  42.51962  37.54851  34.59731  37.42258  42.25974  47.2414
  51.84004  55.9004   59.19627  61.13586  60.80066  57.23706  49.93845
  40.74723  60.73243 104.22809 163.52766 241.07867 340.33758 465.38016
 620.89231 812.21499"
" 84.76166  85.58302  86.62483  87.88082  89.344    91.00655  92.85968
  94.89342  97.09641  99.4556  101.9561  104.58091 107.31078 110.12404
 112.99652 115.90143 118.80942 121.68855 124.50449 127.22073 129.79894
 132.19958 134.38282 136.31017 137.94709 139.26638 140.24864 140.8777
 141.14531 141.07154 140.70258 140.05138 139.07468 137.71097 135.90415
 133.60844 130.78811 127.41649 123.47542 118.95558 113.85766 108.1937
 101.98884  95.28333  88.13576  80.62895  72.886    65.08699  57.54285
  50.61819  44.31749  38.97661  35.27557  37.33238  42.11584  47.21046
  51.94881  56.14366  59.59804  61.77574  61.76247  58.59012  51.55762
  42.08905  57.42291  99.69343 157.91585 234.31896 332.32513 455.99734
 610.01385 799.70982"
" 89.46503  90.33265  91.42561  92.73747  94.26094  95.98782  97.90892
 100.01379 102.29052 104.7255  107.3032  110.00597 112.81382 115.70434
 118.65255 121.63082 124.60891 127.55399 130.43078 133.20179 135.82768
 138.26786 140.48139 142.4285  144.07314 145.38655 146.34871 146.94436
 147.166   147.0339  146.59646 145.87006 144.81185 143.35865 141.45253
 139.04623 136.10287 132.59488 128.50346 123.81888 118.54155 112.68343
 106.26959  99.34022  91.95352  84.19103  76.17123  68.06809  60.157
  52.87383  46.225    40.50883  36.2524   37.28948  41.95218  47.14929
  52.03018  56.36324  59.97303  62.37986  62.68632  59.90651  53.18704
  43.67376  54.26755  95.19086 152.30773 227.54048 324.26994 446.54446
 599.03386 787.06694"
" 94.34735  95.26372  96.4103   97.78045  99.36659 101.16019 103.15161
 105.32991 107.68265 110.19564 112.85271 115.63552 118.52338 121.49308
 124.51883 127.57216 130.62193 133.63437 136.57326 139.40012 142.07458
 144.555   146.79929 148.76642 150.41885 151.72618 152.66751 153.22835
 153.40203 153.20908 152.70006 151.89511 150.75206 149.20603 147.19721
 144.67678 141.60664 137.95831 133.71234 128.85854 123.39707 117.33979
 110.71172 103.55302  95.92162  87.89802  79.59665  71.18652  62.91613
  55.24723  48.2455   42.14774  37.41137  37.30457  41.77336  47.05783
  52.08289  56.55846  60.32176  62.94845  63.57122  61.18396  54.82277
  45.3857   51.32261  90.72906 146.7093  220.74916 316.17827 437.0283
 587.95969 774.29439"
" 99.41226 100.38    101.58276 103.01373 104.66506 106.52784 108.59201
 110.84614 113.27726 115.87056 118.60924 121.47427 124.44422 127.49509
 130.60027 133.73042 136.85349 139.93478 142.93709 145.82092 148.54489
 151.06627 153.34183 155.32928 156.9896  158.29071 159.21056 159.73521
 159.85898 159.60264 159.0189  158.13198 156.90066 155.25838 153.14337
 150.50518 147.30445 143.51175 139.10694 134.07937 128.42895 122.1674
 115.31975 107.92613 100.0443   91.75394  83.16618  74.44518  65.82063
  57.74287  50.38222  43.89658  38.71212  37.39926  41.58573  46.9365
  52.10577  56.72851  60.64459  63.4821   64.41629  62.42059  56.46087
  47.1639   48.66827  86.31796 141.1267  213.95092 308.05643 427.45567
 576.79876 761.40015"
"104.66343 105.68525 106.94687 108.4413  110.16042 112.09495 114.23441
 116.56687 119.0788  121.75481 124.57743 127.52694 130.58113 133.71525
 136.90182 140.11062 143.30869 146.46037 149.52745 152.46945 155.24391
 157.80702 160.11441 162.12251 163.79084 165.08559 165.9834  166.47058
 166.54248 166.22022 165.55858 164.58618 163.26307 161.52105 159.29628
 156.53663 153.20142 149.26024 144.69223 139.48626 133.64198 127.17097
 120.09827 112.46403 104.32591  95.76293  86.88364  77.84728  68.87056
  60.36721  52.63836  45.75894  40.1388   37.61669  41.39791  46.78628
  52.09777  56.87236  60.94169  63.98167  65.22072  63.61484  58.08902
  48.9732   46.42234  81.96918 135.56631 207.15178 299.91073 417.83341
 565.55846 748.39223"
"110.1045  111.18325 112.50652 114.06716 115.85677 117.86573 120.08311
 122.49649 125.09178 127.85297 130.76195 133.79826 136.93896 140.15846
 143.42845 146.71781 149.99263 153.21629 156.34959 159.35099 162.17698
 164.78265 167.12245 169.15157 170.82805 172.11638 172.99165 173.44014
 173.45826 173.06754 172.3248  171.26331 169.8448  167.99945 165.66129
 162.7764  159.30276 155.20891 150.47326 145.08419 139.04104 132.35529
 125.05198 117.1713  108.77087  99.92924  90.75301  81.39627  72.06702
  63.13132  55.01714  47.73848  41.68534  38.0419   41.22154  46.60889
  52.05799  56.98888  61.21306  64.4482   65.98388  64.76541  59.69125
  50.79228  44.77623  77.69671 130.03475 200.35777 291.74749 408.16833
 554.24623 735.27868"
"115.73911 116.87775 118.26558 119.89529 121.75822 123.84439 126.14242
 128.6394  131.32068 134.16963 137.16747 140.29301 143.52254 146.82966
 150.18517 153.55706 156.91047 160.20779 163.40879 166.47089 169.34951
 171.99859 174.37144 176.42198 178.1068  179.38865 180.24096 180.64964
 180.61211 180.1504  179.32331 178.16907 176.65145 174.69909 172.24382
 169.22986 165.61375 161.36298 156.45516 150.8782  144.6311  137.72524
 130.18564 122.05259 113.38371 104.2572   94.77814  85.09581  75.41198
  66.04983  57.52192  49.83891  43.35026  38.83353  41.07256  46.40697
  51.98579  57.07682  61.4585   64.88281  66.70537  65.87124  61.25819
  52.60901  44.08327  73.51803 124.53901 193.57501 283.57306 398.46727
 542.8695  722.06757"
"121.57088 122.77251 124.22793 125.9297  127.86887 130.03513 132.41665
 135.00003 137.77003 140.70941 143.7987  147.01598 150.33676 153.7338
 157.17703 160.6335  164.0674  167.44011 170.71037 173.83454 176.76692
 179.46035 181.86694 183.93934 185.63271 186.90806 187.73704 188.10488
 188.00988 187.47468 186.55997 185.30922 183.68871 181.62559 179.04941
 175.90245 172.13977 167.72773 162.64317 156.87343 150.41722 143.28577
 135.50411 127.11264 118.16903 108.75127  98.96322  88.94975  78.90805
  69.12947  60.15638  52.06381  45.13453  39.97101  40.97595  46.18434
  51.88084  57.13489  61.67762  65.28654  67.38508  66.93141  62.78425
  54.41952  44.47747  69.45556 119.08652 186.80969 275.3938  388.73708
 531.43571 708.76703"
